23	0	4	40
21	1	7	244
19	2	10	944
17	2	12	2482
15	3	15	6075
13	4	18	7734
11	4	18	28106
9	5	19	57444
7	5	21	61298
5	6	20	132984
3	6	20	128432
5	5	21	65817
9	4	20	30108
7	4	20	33102
5	5	20	78383
7	5	18	79424
5	6	18	111618
3	7	21	170971
1	8	22	165475
3	8	22	102117
5	7	19	131904
7	6	18	96203
5	7	18	116316
3	7	16	63711
1	7	16	59317
3	6	16	47346
5	5	17	48816
7	5	17	60584
7	4	18	33928
9	3	16	10424
11	2	15	2364
9	2	15	1360
7	3	16	6342
5	4	15	9254
3	5	17	33839
1	6	16	36420
3	6	14	15083
5	6	14	18552
-1	7	19	119401
1	6	17	57113
-1	7	18	99276
5	7	14	21343
3	7	14	20163
5	6	11	2025
7	6	11	2664
5	7	12	4916
3	8	12	5840
5	8	12	5203
7	8	12	4079
5	9	13	5026
3	9	17	49435
5	8	16	47054
7	7	16	49159
7	7	19	63017
5	7	17	94501
3	7	19	168088
1	7	21	170392
3	6	22	100145
1	7	23	112360
-1	7	21	114450
5	5	23	33843
7	5	23	28483
5	6	22	94574
3	7	23	108508
1	8	24	89057
-1	8	24	88931
-1	8	26	33252
-3	9	27	13522
-1	8	27	17435
-3	9	25	45607
-5	9	21	110295
-3	8	20	141311
-5	8	18	69750
-3	8	16	63711
-5	9	17	94548
-3	8	18	119547
1	7	19	161841
3	6	18	100176
1	7	20	173832
-1	8	21	186486
-3	9	22	141938
-5	10	23	68599
-1	9	27	14931
-3	9	24	73579
-3	8	21	125315
-1	7	20	122344
1	7	22	143792
3	7	22	142639
-1	9	22	144577
1	9	22	92129
-1	9	24	76842
1	8	23	126078
1	8	21	186577
3	8	19	134009
1	9	19	119421
3	8	20	141103
1	9	23	67023
-1	10	22	63250
1	9	20	123061
3	9	18	57821
5	9	16	17254
7	8	16	22513
7	8	15	17629
9	8	13	2966
11	7	11	2213
13	6	11	2375
15	5	10	1651
13	6	9	846
15	5	11	1575
13	6	13	2394
15	5	12	1581
13	6	15	1184
11	7	16	1511
13	6	14	1674
11	6	18	7638
9	7	19	9634
5	7	21	110863
5	8	19	68874
-1	9	20	174235
-1	8	23	124887
3	6	19	122908
3	5	16	26325
5	4	16	12815
5	4	20	21924
7	3	17	8497
9	3	19	12819
7	4	22	17449
9	3	21	5974
7	4	24	5137
5	5	26	5602
3	6	23	74016
1	7	24	77042
5	5	19	74510
9	3	15	7271
7	4	16	19967
1	5	17	19551
-1	6	17	34136
-3	7	16	35553
-5	8	15	28940
-7	9	16	49401
-5	9	16	61661
-3	8	17	86523
-5	9	18	115845
-7	10	17	82155
-3	9	18	136255
-1	8	17	99847
-3	9	17	103119
-5	10	15	35092
-7	11	16	46593
-9	11	16	48833
-7	11	20	78769
-5	10	20	132505
-3	10	20	127537
-1	9	19	160479
1	8	20	196484
1	8	18	147309
-1	8	14	24020
3	8	16	63470
5	7	16	62451
3	8	15	34625
1	9	18	99732
9	6	15	35298
11	5	15	27865
7	5	19	80716
5	6	26	13470
3	6	24	48132
5	6	24	43012
5	6	23	68822
3	7	24	74332
3	7	26	25744
1	7	26	28406
3	6	25	29561
-3	10	21	122243
-5	11	19	74092
-7	11	19	79509
-5	10	18	110845
-7	11	21	61780
-9	12	20	30463
-7	11	23	28274
-9	12	21	21317
-7	11	22	45944
-5	10	25	25202
-3	10	25	29558
1	8	25	55505
3	8	21	125698
3	8	18	119664
7	6	20	91322
5	6	16	57068
1	7	17	95572
-1	8	20	195787
-3	8	22	102180
-1	7	23	66671
-5	9	25	19118
-7	9	21	36028
-3	7	15	23570
-1	7	15	30931
-9	11	14	21305
-11	12	15	24026
-13	13	14	9982
-11	12	16	28623
-13	12	12	5655
-11	11	11	3405
-9	10	14	23331
-7	10	18	96318
-5	9	19	131623
-5	9	13	13076
-5	8	12	5073
-3	8	12	5841
-1	8	12	5882
1	7	9	327
3	7	11	2735
5	7	13	13301
7	6	12	6113
9	6	12	7426
7	7	14	20611
7	7	15	36786
9	7	11	3029
3	8	17	86469
1	8	17	99178
-1	9	16	59284
1	9	16	49465
-3	10	17	75276
-3	10	19	122827
-5	11	20	78350
-7	11	18	78468
-5	10	17	85928
-3	10	23	74277
-1	10	23	45173
1	9	26	13323
3	8	25	26732
5	7	25	19188
3	8	26	14041
5	8	26	1729
7	6	24	17581
5	7	24	35729
3	8	23	72079
-5	9	20	127422
-11	12	17	33375
-3	9	14	20177
-1	9	14	18685
1	9	12	3823
-1	10	13	6737
-3	11	14	9236
1	10	15	17130
3	10	15	9145
5	9	15	13481
5	8	20	61344
1	10	19	44148
-1	11	18	24365
-3	11	20	53652
-7	12	23	10267
-5	11	24	20986
-1	10	25	16044
1	9	25	25497
3	9	23	18661
5	9	21	5468
3	10	20	7137
1	10	22	21973
-1	10	18	71973
1	10	18	40969
3	10	16	11438
3	9	11	1520
5	8	13	9073
3	8	13	9502
3	8	10	1116
1	8	12	5804
3	7	12	4367
5	6	13	9834
1	8	14	24028
-1	9	15	37323
-3	9	15	40867
-1	8	16	71365
-1	8	18	147018
-3	9	20	178097
-1	9	23	112149
3	7	17	104128
-1	8	22	165224
-3	9	23	108387
-5	9	23	57489
-1	8	19	175055
1	8	19	174282
-3	8	23	71734
-1	7	24	43316
-5	9	22	83695
-3	8	24	47221
-7	10	19	101535
-9	11	20	47946
-11	12	18	28007
-13	13	17	10895
-15	13	17	2021
-17	13	13	1543
-19	13	9	315
-17	12	12	352
-15	11	14	425
-13	10	14	1743
-11	9	14	2871
-13	10	11	2285
-11	9	12	2836
-9	9	16	21715
-7	8	17	22183
-5	7	17	19869
-3	6	18	13445
-3	7	19	60742
-1	6	18	40530
-5	8	21	46252
-7	9	20	51333
5	6	19	132800
9	4	22	13509
7	5	22	45355
9	4	21	21260
11	4	17	32881
9	5	20	47936
11	5	18	27204
9	6	19	42668
7	6	19	102622
9	6	17	53387
7	7	18	67133
1	9	24	43159
3	9	22	29968
5	8	21	45965
5	8	17	58853
3	9	15	23577
1	10	16	23850
3	9	19	62151
5	8	18	70140
-1	10	19	87189
-3	11	18	46983
-1	10	20	89241
1	10	17	34211
7	7	17	62993
9	6	16	46322
5	8	15	29220
7	7	13	12755
11	6	11	3244
9	6	13	13046
7	6	13	11283
5	6	17	87692
3	6	15	30163
5	5	18	68697
7	4	21	25716
5	5	24	21040
7	5	26	3787
5	6	27	6665
3	7	25	45643
1	7	25	48894
1	6	24	28514
7	6	22	49689
5	7	23	57771
3	8	24	46855
1	9	21	114888
-1	9	26	28243
-3	10	26	16217
1	10	24	6603
5	9	17	19957
7	9	13	2327
9	8	14	3209
7	8	17	21957
9	6	18	49948
5	5	15	18840
1	5	15	8504
3	5	19	51301
1	6	18	72543
3	5	21	43856
1	5	21	16895
-1	6	20	39345
1	5	19	24812
-3	7	21	44475
-9	10	19	42989
-5	9	24	35684
-1	8	25	55742
-3	8	25	27213
-1	7	22	91619
1	6	21	81607
-3	9	19	168117
-5	11	22	52194
-7	12	21	25780
-9	12	19	38278
-5	10	22	94398
-1	9	21	170793
3	7	20	178601
5	7	20	128072
11	5	12	7474
9	5	16	49223
7	5	20	79291
7	6	16	59232
9	6	10	1495
9	7	13	10789
11	6	10	1916
15	4	14	4444
11	5	17	31982
7	7	21	35729
-1	10	24	28653
-3	10	22	100041
-5	11	17	48460
-7	12	20	33189
-9	13	19	12895
-7	12	22	17269
-9	12	22	13438
-11	13	19	11304
-9	13	17	13217
-7	12	18	34305
-9	13	15	7287
-11	13	17	15790
-7	11	17	60043
-5	10	19	132974
-1	10	17	57113
3	9	20	55635
7	8	13	7263
11	6	12	7217
9	6	14	22946
7	8	14	13213
-3	10	15	30119
-9	11	17	56726
-3	8	19	133930
-3	9	21	170285
5	6	25	25197
3	7	28	6925
1	7	28	7342
3	6	27	7975
-1	7	28	2978
1	6	27	3812
5	5	25	11341
9	4	24	3343
11	4	22	3876
7	5	27	1825
5	6	30	518
7	6	28	507
5	7	28	1835
3	8	27	6989
5	7	27	4585
7	7	23	11705
9	6	24	1698
7	7	25	2241
3	9	21	44449
5	9	12	2345
7	9	17	1683
5	8	22	30985
1	9	17	76129
-1	9	17	95354
-3	9	13	11916
-5	10	16	57162
-5	9	11	2845
-7	10	11	2482
-9	11	12	5565
-9	11	18	65083
-13	13	16	11555
-15	13	14	6366
-13	12	14	14664
-11	11	15	27743
-13	11	13	10042
-11	10	15	17350
-9	9	18	15012
-13	11	14	11350
-9	10	17	53239
-5	8	17	58839
-5	9	15	41478
3	5	18	47057
1	6	20	88694
3	4	16	7207
-1	6	15	17193
-3	6	17	13305
7	6	21	72815
5	7	22	84356
5	5	22	51712
3	6	21	121715
7	4	19	37764
9	3	18	12907
11	3	16	14074
9	4	17	38345
1	7	15	37469
3	7	15	40987
-1	9	18	127298
-1	10	15	23589
-5	11	18	68363
-1	7	17	76595
-1	6	19	43613
5	4	17	19914
7	3	18	8496
7	4	17	30506
9	5	14	20793
5	7	15	41625
-5	9	14	21321
-1	7	16	49655
-5	7	12	2440
-3	7	12	3151
-5	8	9	229
1	6	15	23896
3	4	18	11388
-3	7	17	48823
-7	9	17	62652
-5	8	16	46972
-7	8	14	13503
-9	8	12	2489
-9	9	13	10777
-9	10	15	35291
-9	11	19	57296
-7	10	20	89749
3	7	30	1316
1	7	30	1578
3	6	29	1713
1	8	27	17600
-1	9	25	48588
1	8	26	32752
7	6	23	32420
7	5	24	16598
3	8	14	22197
-1	11	16	16046
-3	12	17	10482
-5	12	19	25548
-7	13	18	8625
-5	12	21	17344
-9	13	20	8798
-7	13	20	6119
-9	14	17	1863
-11	14	17	2852
-3	12	19	11645
-3	11	22	33278
1	10	20	39581
-1	11	19	24589
-3	11	19	50768
-1	10	21	82232
-5	12	18	23122
-3	10	18	99322
-3	9	16	63135
1	8	16	70915
-5	10	21	120499
-9	11	22	19216
-7	11	24	16666
-5	10	27	6676
-3	9	28	6904
-5	9	26	9917
-3	8	27	7006
-1	7	26	13232
-3	9	26	25475
-1	6	23	12592
1	5	22	11089
-1	6	24	6637
3	5	20	53360
5	4	19	25599
5	3	17	4212
3	5	15	13312
1	6	19	86939
-3	7	18	57063
1	6	14	11430
-1	6	14	8210
3	6	17	75961
3	7	18	135253
-5	10	24	42920
-9	12	18	39464
-5	11	21	65293
-3	11	23	21683
5	6	21	120858
9	5	22	19164
7	6	25	8580
5	7	26	9932
3	5	13	3134
5	4	13	2535
7	4	15	14038
9	4	11	1345
7	5	14	16424
7	6	15	38770
5	8	14	19356
5	6	12	4585
9	7	12	5134
5	7	10	805
7	6	9	329
1	7	27	14955
-7	9	18	66765
-3	11	17	33728
7	7	20	51192
-3	10	16	47356
-5	11	16	36826
9	7	16	21636
11	7	12	2784
9	8	15	3049
11	7	15	2278
7	9	15	2823
5	10	17	1418
9	8	12	2555
9	7	15	20089
-7	10	16	59516
-7	10	22	49551
-5	8	20	61350
-7	9	19	63270
-9	10	18	50429
3	10	18	13226
1	11	19	6010
-1	11	23	5945
-3	12	21	6552
7	4	14	6373
9	4	19	38276
9	4	23	6460
9	5	21	31321
11	4	19	21358
13	3	19	4210
9	6	20	29419
11	5	14	21960
7	6	17	82787
9	4	18	39785
9	5	17	57221
13	4	17	11784
1	6	22	63645
1	6	23	44918
-5	8	14	19469
-7	9	15	36925
-7	9	12	5369
-5	7	16	17387
-7	8	15	17547
-7	8	21	4644
-5	7	21	5510
-7	8	18	19556
-5	7	19	14200
-3	6	19	10708
3	5	22	33623
5	4	22	11800
1	5	20	23083
-1	11	21	16642
1	10	14	8219
-1	10	16	36403
-1	11	17	19519
-3	11	15	13727
1	7	18	127229
-3	8	15	35048
-7	10	12	5797
-5	10	14	18495
-3	8	8	169
-5	8	10	1042
-7	9	13	12664
-11	10	12	7264
-13	10	10	1656
-13	11	11	4386
-15	12	10	2390
-15	13	13	6549
-13	12	16	15541
-15	12	12	5293
-13	11	15	9487
-11	10	17	12433
-7	10	15	38677
-9	10	13	13172
-7	10	13	11544
1	6	25	15970
-3	7	24	9896
-5	7	22	2497
-3	7	22	29881
-5	8	22	31425
-3	6	20	7040
-1	5	19	5993
3	4	22	3384
13	4	16	15636
3	5	23	21537
7	5	16	46810
11	5	19	17487
9	4	14	9541
9	3	17	13371
11	3	15	10798
13	3	13	5686
5	5	16	37395
1	8	15	37287
1	9	15	31043
-3	10	13	8165
-5	11	14	12462
3	9	24	9644
5	8	27	684
7	7	26	924
9	7	22	1046
7	7	24	5614
5	8	25	4319
-1	9	13	10489
-3	10	14	15296
-1	10	12	2522
1	9	11	1872
-1	11	24	2923
1	10	21	32162
9	6	22	9362
5	8	23	17786
-1	7	13	8907
5	3	15	2468
7	3	15	4576
13	2	13	1841
11	3	12	1801
13	3	10	621
-7	12	16	19951
1	7	11	2276
3	6	12	3318
-1	8	15	36993
-7	12	17	30177
-9	12	15	19931
-11	12	13	9525
-9	11	10	1301
-7	11	12	4387
-9	12	13	6400
-9	12	9	247
-7	12	9	144
-5	11	11	822
-3	11	13	3066
-5	11	13	4653
-7	12	14	6352
-9	13	12	893
-7	13	12	516
-9	13	14	4205
-7	13	16	6484
-5	13	16	3368
-7	14	15	759
-5	13	17	4256
-7	13	19	8899
-5	12	20	22161
11	3	19	11152
9	5	15	30621
9	5	18	64840
9	7	20	5584
11	6	16	15428
13	5	15	9471
1	9	27	6411
-5	11	15	18884
3	9	16	35593
1	7	29	3601
3	6	28	3711
5	5	27	2613
3	5	25	6327
5	3	19	3824
9	2	16	2589
7	3	19	8671
5	4	18	23000
11	4	15	24184
9	4	15	20272
5	6	15	35124
-7	10	21	73157
-11	12	20	14702
7	8	20	8854
9	7	17	19700
5	9	14	9061
3	9	14	13461
3	9	13	6851
-1	12	17	3928
-1	11	20	23638
-5	12	17	19649
-1	11	15	8627
-3	12	16	7431
-7	13	17	8629
-3	11	21	43269
11	3	17	15771
13	3	16	11385
15	3	14	6384
3	7	27	13466
-1	8	28	8979
9	4	26	578
11	4	24	533
9	5	26	620
7	5	28	690
9	4	25	1395
7	4	25	2436
-7	10	23	32277
-11	11	18	27099
-13	12	17	11894
-11	11	20	10628
-11	13	18	13068
-11	12	19	20961
-13	12	15	17928
-15	13	12	5380
-9	9	15	20328
-7	8	16	21983
-11	10	16	15785
-9	9	17	19882
1	8	13	9502
3	8	11	1800
1	9	14	16078
-1	10	11	1381
1	10	11	1153
-5	8	24	9327
-7	8	22	2094
-9	10	16	46141
-11	11	13	12065
-11	11	12	7535
-13	12	13	11929
11	5	20	10735
11	6	17	12315
13	5	17	4056
11	6	22	208
9	6	26	193
7	7	29	28
1	9	28	2870
-5	10	28	2815
-7	11	26	3748
-5	11	28	1074
-3	11	26	2957
-1	10	28	1648
-7	11	15	24860
-11	11	16	34918
-3	10	27	8042
-3	11	16	26121
3	10	19	10836
5	10	15	2037
7	9	14	2730
3	10	17	13479
1	11	15	4451
-3	10	24	48086
-5	11	23	34121
-3	11	25	6462
-1	10	26	7956
-3	11	24	12804
1	9	13	8913
1	7	14	18925
-1	9	11	2234
-7	9	14	20810
-3	6	22	2017
-9	11	13	9859
-9	11	15	30758
-7	9	22	22195
-9	10	22	9593
-7	9	25	2284
-5	8	25	4390
-3	7	26	1905
7	8	19	13958
5	9	20	9313
-1	8	30	1894
1	8	28	8864
-1	9	31	577
-3	10	29	1678
-1	6	25	3045
1	5	23	5840
-1	6	22	21579
3	4	21	6455
3	6	26	16345
-7	11	14	16442
-9	12	16	26873
-17	14	10	1256
-5	12	13	2577
5	3	16	3324
7	3	20	6174
9	3	20	8449
11	3	20	5993
13	3	18	6036
15	2	15	2276
13	3	14	9978
11	4	13	9296
13	4	13	11890
11	5	16	35070
7	5	15	25274
11	4	14	13690
7	6	14	22390
3	7	13	11962
9	7	14	15263
13	4	9	890
11	4	11	2418
15	3	10	1489
13	4	12	5599
11	4	16	28746
13	3	15	11960
15	3	13	6585
13	4	14	14763
9	4	16	27050
11	2	18	3572
13	1	16	275
11	2	17	2812
-3	7	20	55504
7	8	18	19281
5	9	19	14436
1	10	13	4638
3	9	12	3290
-3	6	21	4104
-3	7	23	18450
-3	7	25	4523
-5	8	28	176
-5	8	23	18213
-3	12	15	5377
-1	12	13	686
-3	12	13	1516
-5	13	13	821
-7	14	14	830
-9	14	14	1389
-7	13	14	2273
-5	12	14	4194
9	7	21	2503
-3	9	29	2938
-1	8	29	4269
-9	10	20	29192
-5	7	15	13662
-7	8	12	4084
-9	9	9	547
-1	8	11	1638
1	7	10	615
3	7	10	675
-7	12	19	37992
-9	12	17	38123
-11	13	15	10695
-9	13	13	2008
-7	12	15	14022
-11	11	19	17538
-17	13	11	2498
-19	14	10	991
-15	12	11	4739
-13	11	10	2192
-11	10	11	3235
-11	11	8	238
-9	10	11	2968
-9	13	16	10491
11	3	18	13064
13	2	15	3485
11	5	21	5199
7	7	12	5476
9	7	10	1084
1	11	21	1901
-1	11	25	1157
1	10	23	12858
-9	12	14	9540
-11	13	16	13920
-13	13	15	12046
-11	12	14	13728
-5	7	18	17770
-9	10	21	18845
-5	11	25	11472
-11	11	17	31752
-9	11	21	31084
-11	14	18	3658
-13	14	16	4963
-5	10	26	13023
-1	10	14	11393
-5	8	19	68645
-1	11	14	6057
-11	14	15	2426
-9	13	18	13081
-13	14	15	3401
-15	14	15	2359
-17	15	13	785
-15	15	15	879
-11	12	21	7636
-13	13	18	6021
-1	6	21	31815
-9	9	20	5549
-1	7	14	16705
-5	8	13	9061
-13	12	11	3407
-13	13	12	3411
-7	13	21	4409
-5	13	21	1418
-3	12	20	9227
-15	12	14	4618
-13	11	17	4136
-13	12	18	7835
9	5	12	5450
7	7	22	21803
-3	8	14	22254
-9	9	14	15614
-7	8	19	14019
-9	8	17	1346
-11	9	16	1486
-11	10	18	7595
5	9	18	17950
13	4	15	18231
13	3	17	10910
-1	6	16	23623
1	5	16	15931
3	4	15	5399
1	6	13	6637
3	6	13	8499
1	7	13	10492
9	6	11	2929
-11	10	10	1850
-3	8	26	14275
-1	11	22	11206
-3	12	22	3401
-7	11	25	8455
-9	11	25	2004
-3	11	12	2226
-5	12	15	9134
11	4	12	3412
-3	10	11	1623
11	6	8	279
11	5	11	3243
-5	10	13	9664
-9	9	11	2959
-11	13	14	7011
-9	14	16	2696
-5	13	19	3796
-3	9	11	2681
-1	8	13	9616
-5	7	20	9448
-1	9	29	3451
-3	9	31	559
1	9	29	1209
3	9	27	750
1	10	25	2961
-1	10	27	3816
-5	11	26	5654
-15	12	13	6030
-13	10	12	2459
-11	10	14	15815
-9	8	14	3330
-7	7	13	2342
-7	7	16	2284
-5	6	14	1799
-1	5	15	4499
-3	6	16	11521
-7	7	11	639
-9	8	9	186
-11	9	10	1060
-7	8	13	7234
5	4	24	3155
3	5	24	12732
-7	9	11	3390
-15	14	9	102
-11	14	19	1683
-5	9	12	4782
-9	9	19	9842
5	4	21	17734
15	3	17	1982
11	6	19	4420
9	6	23	4601
-1	5	16	7007
9	5	11	1824
-11	14	13	957
9	6	21	18652
1	6	26	8083
-1	7	25	25638
9	3	12	883
9	5	24	5066
-13	11	16	7575
-11	13	12	1740
-9	12	11	1441
-11	11	10	1726
-9	10	12	7571
1	7	12	4064
-13	13	19	4305
9	5	23	10796
3	8	28	3161
-11	10	20	1690
1	5	18	24406
-7	9	23	11615
-9	10	23	4611
-7	8	20	8976
-7	10	14	22690
-11	11	14	21856
9	3	14	4317
7	3	14	2342
13	3	12	3447
15	2	9	106
13	3	11	1150
-9	11	11	1869
-5	10	12	4556
-9	12	23	6573
1	10	26	1219
-7	12	12	1303
-5	12	16	13204
-11	10	13	12284
-1	9	12	3895
-7	12	13	4369
-11	12	11	2488
-13	13	21	766
-13	12	19	3414
-11	12	23	1375
-5	12	23	6757
-3	12	23	1742
-3	12	24	624
-5	12	24	3218
-15	12	15	2591
-13	11	9	719
-7	7	14	2813
-11	9	15	2319
-13	10	13	2325
-17	14	11	1601
-15	13	10	1422
-15	13	9	387
-13	13	13	5836
1	8	29	4104
-11	13	13	3400
-7	11	13	6764
-17	12	9	946
5	5	28	1045
5	4	23	6652
7	3	21	4403
9	2	22	187
11	2	20	1241
13	2	16	5106
15	2	14	4202
17	2	14	1380
15	2	16	2572
17	1	13	766
11	4	20	14778
7	5	25	8612
-3	8	28	3125
-11	12	9	347
-13	13	11	1209
-15	13	11	2583
-13	12	9	912
-11	9	9	533
-7	7	15	2834
-1	7	29	1209
-15	14	17	841
-13	13	20	1576
15	3	16	3035
15	4	12	5455
13	5	14	11559
11	6	15	17361
-15	14	14	4281
-5	11	12	3426
-15	14	12	2254
-19	15	9	443
-9	11	23	10575
-7	10	24	17126
-15	13	16	3176
-17	14	13	1414
-9	8	15	2999
3	5	14	9042
5	7	11	2776
3	5	12	2201
5	5	12	3297
-3	9	9	340
5	8	24	9316
3	9	25	4629
11	6	14	15295
15	4	11	4714
15	3	12	5462
15	2	12	2292
-5	13	15	2490
-3	7	14	13688
-1	6	12	1748
5	5	14	12479
3	4	19	11564
-7	11	27	1683
-11	11	21	5245
-13	11	19	706
-15	12	16	1432
-11	10	21	501
-9	9	22	1093
-11	10	19	4434
-15	11	12	1580
-7	9	24	5726
-9	13	21	6172
-11	13	21	3905
-9	9	21	2513
-5	6	18	768
-7	7	19	365
-1	6	26	1229
-1	5	18	7659
-7	13	15	4582
11	5	13	12139
-11	13	20	5950
-5	12	22	11646
11	5	10	1574
-5	8	11	1849
-5	7	13	4882
-17	13	9	1183
11	2	14	2415
9	2	14	1367
11	1	15	532
13	1	13	645
9	3	13	2020
7	4	23	9856
7	9	16	2400
11	7	14	2961
3	4	24	606
5	3	22	618
7	2	21	89
5	2	17	217
7	2	19	568
5	3	21	1355
5	3	18	3893
3	4	17	10518
-15	12	9	1335
-19	14	6	79
-15	12	8	270
-13	12	8	193
-13	13	9	134
-15	14	10	332
-3	8	10	1151
-7	10	25	8558
-9	11	24	4989
-5	9	28	1860
-5	9	27	4567
-7	12	25	2229
-7	13	22	2109
-5	8	26	1734
7	5	12	4226
13	5	16	7784
15	4	13	6046
11	4	21	7572
13	4	19	3441
15	2	11	1049
11	3	23	798
13	3	21	761
15	3	11	2527
17	2	10	1168
13	5	13	9827
-13	11	12	8096
-15	11	10	1482
3	9	26	1875
5	8	11	1920
13	5	11	4357
11	6	13	12095
11	7	10	1043
9	8	11	1339
9	5	13	9614
7	8	21	4721
9	7	18	15156
-11	11	22	1916
7	8	10	788
3	10	11	654
-9	10	24	1669
-5	8	27	700
-7	9	26	906
1	6	29	591
-5	7	14	9256
1	4	17	3851
3	3	17	1469
1	4	18	3580
-3	6	15	9261
5	4	14	4219
7	3	12	511
-9	8	13	2949
-11	11	23	652
5	6	28	2989
9	7	9	569
-1	7	27	6417
11	3	14	7182
7	3	22	2133
3	4	23	1647
1	5	25	1141
-9	10	10	1426
-9	10	9	570
-3	12	14	2804
-9	9	12	4934
1	5	14	5883
-1	5	12	735
-3	8	13	9559
9	3	22	2842
-13	15	15	983
-15	16	12	74
-17	16	12	110
-19	16	10	106
-21	16	8	77
-17	15	11	780
-19	14	8	584
1	5	13	2338
-11	12	12	3643
-3	7	13	6743
3	10	14	5171
7	2	16	1179
9	1	15	153
11	1	17	416
13	1	15	923
17	2	11	1632
19	1	10	215
17	2	13	1331
7	9	12	1508
5	10	12	716
3	11	15	1183
1	11	17	7730
17	2	9	563
13	4	11	3454
-13	14	18	2578
-17	13	12	2110
-19	14	9	760
1	4	19	2458
-1	5	20	3991
-15	11	15	212
-1	12	16	3058
1	11	18	7901
-1	5	17	7701
1	4	14	1500
-3	5	15	1095
-5	6	17	1273
-7	7	18	793
7	3	13	1200
5	5	10	468
1	5	12	1491
-11	9	11	2129
3	4	20	9621
-3	13	14	508
1	11	14	3127
-1	9	30	1518
1	9	30	450
-9	14	19	1362
5	9	11	894
7	9	11	625
13	2	18	2496
9	5	25	2037
13	4	20	1526
17	3	10	2238
19	2	9	729
19	2	7	321
19	1	9	477
17	1	11	853
15	1	15	880
13	2	17	2494
3	5	26	2945
-3	6	14	5312
15	5	9	1074
13	6	12	2452
13	5	9	779
15	4	9	1292
-11	14	16	4221
-11	14	14	2419
9	1	13	219
11	1	11	59
9	2	12	320
7	3	11	204
-5	6	13	1447
-3	5	16	1196
-3	9	30	1325
-7	8	9	177
3	7	31	529
5	7	33	17
3	8	32	54
5	7	31	50
3	7	29	3033
13	5	12	8161
-7	7	12	1514
11	3	21	3900
13	2	20	643
11	2	22	241
13	2	22	71
15	2	18	637
11	3	22	1487
1	6	12	2365
-1	7	11	1973
5	5	13	4734
9	4	12	2020
11	3	13	3369
3	4	14	2715
15	1	11	354
15	1	13	1122
9	3	23	1478
-3	12	18	11361
13	2	14	3752
9	4	13	6409
-13	14	14	3743
-15	15	13	1040
-13	15	17	545
-11	14	20	1349
7	8	9	198
7	7	10	1031
15	4	15	2655
1	4	20	1195
-1	4	17	340
-3	5	18	415
1	11	22	835
17	1	9	154
13	2	11	326
-1	12	18	3430
-5	13	18	3856
-7	10	26	3996
11	5	22	1811
5	6	29	1154
7	6	29	145
5	6	31	199
3	6	31	257
5	2	16	440
-3	9	12	4243
3	3	21	59
-7	12	24	5302
-9	15	15	195
-7	14	16	1185
17	3	8	798
19	3	6	281
13	6	10	1665
-17	14	14	1477
-1	12	20	1215
-3	13	19	538
-3	13	17	1498
3	10	21	4298
7	8	22	2099
5	9	23	1133
3	10	22	2067
1	11	20	4195
11	6	20	1601
-1	11	12	1493
1	10	12	1846
3	9	9	129
5	8	10	1063
1	11	16	6984
7	5	13	6774
-9	12	24	3446
17	4	7	450
19	3	4	41
17	3	6	42
13	5	8	291
9	8	16	2335
-3	9	10	758
-1	8	10	1262
-1	7	12	4004
13	5	7	169
11	7	13	3143
-7	10	27	1763
-3	11	27	1218
-17	13	8	739
-15	12	7	179
-13	11	8	274
-5	10	8	126
-7	11	9	152
-1	5	21	1952
-3	6	13	3173
-3	10	12	3408
-5	11	10	457
-7	11	10	773
3	3	16	1375
-13	14	13	1846
1	9	10	540
1	4	15	2355
13	2	12	1207
15	5	13	896
7	7	11	3266
-5	11	27	2391
-1	6	13	4757
-1	8	9	235
-7	10	28	460
-3	8	29	1229
17	3	13	1617
17	3	12	2003
5	6	10	683
13	5	19	747
9	5	10	1289
-1	9	32	240
1	8	31	787
-1	9	34	32
7	6	26	4071
-19	15	11	516
-5	12	12	791
7	8	23	938
3	6	9	267
-13	14	17	2707
-15	14	11	1083
-5	10	29	1190
-3	10	28	3711
-11	12	22	3921
-3	6	23	669
-1	6	27	356
1	8	11	1594
-13	14	12	1123
-11	13	11	573
1	6	11	1428
-1	9	28	7141
-5	9	29	774
-9	11	26	614
-1	7	9	239
-3	8	11	1812
7	5	11	1124
15	4	10	2460
13	4	8	163
11	5	9	508
-1	10	30	218
-3	10	30	633
15	4	8	274
-15	14	13	2718
-13	11	18	1632
-13	10	15	1149
7	4	13	4377
3	10	13	3132
9	2	11	37
11	2	11	94
13	1	11	177
11	2	10	100
9	3	11	381
7	6	27	1714
5	3	14	1216
-15	13	15	6101
-1	12	19	2547
7	2	18	1115
9	2	20	1068
1	11	13	1334
3	11	13	663
-5	9	10	789
-1	7	10	489
13	1	17	568
7	8	11	1673
15	4	7	151
17	3	9	1188
19	2	8	535
3	11	16	1232
1	12	16	502
3	11	17	781
-1	5	11	87
-7	13	24	351
-5	13	24	41
-5	12	25	1435
-3	13	12	80
-5	13	12	226
5	2	14	308
3	3	13	357
11	2	16	4251
5	3	20	2492
-3	6	9	43
-7	7	17	1649
-9	8	16	2308
-5	13	20	2482
-5	13	14	1199
7	6	10	1125
-17	14	9	551
-17	13	10	2206
7	4	26	1027
-13	13	10	630
-5	6	16	1818
1	4	21	668
-1	4	15	586
-3	5	12	373
-5	7	10	432
7	2	14	756
1	4	16	3062
-3	7	11	1457
-5	10	11	1995
3	5	27	1219
5	4	26	509
3	5	28	408
5	4	25	1401
13	1	19	149
15	1	17	247
17	0	14	51
-3	8	30	472
-5	9	30	289
-7	13	13	1202
-7	12	11	767
-11	13	22	1595
-5	7	24	404
1	12	14	522
5	10	14	1883
-1	12	15	2469
5	10	13	1437
-1	7	31	189
-9	9	10	1019
-7	9	10	1066
-7	8	11	1571
17	4	10	812
5	4	12	777
3	8	29	1268
-9	10	25	496
13	2	19	779
13	4	10	1140
11	5	7	103
11	4	10	538
-5	13	22	574
7	6	30	61
-9	13	22	2797
-13	10	8	415
-17	12	10	741
-15	11	13	909
7	4	12	1362
-1	5	14	3230
-3	5	14	1052
-11	14	12	592
-17	12	11	552
-9	12	12	2038
-15	14	16	2640
-13	14	19	840
-11	14	21	370
-9	13	24	490
-3	13	18	959
1	12	17	354
-1	12	21	655
-3	13	20	307
13	5	10	2256
15	5	8	699
3	11	14	1004
5	9	22	2508
3	10	23	696
3	10	12	1050
3	11	12	401
11	4	23	1398
1	5	24	2723
15	1	14	361
3	3	15	1005
1	8	30	1780
15	5	14	423
1	11	24	101
-1	12	23	40
-3	12	25	187
-1	5	13	1420
-3	6	12	1078
-7	11	28	737
-5	11	30	167
-7	12	27	375
-15	11	9	1116
-17	12	8	611
-7	14	17	743
-9	14	18	2539
-7	14	12	138
-9	14	12	294
-9	14	15	1369
11	5	23	662
9	5	27	186
-3	7	27	805
-5	12	27	208
-5	6	12	710
-5	6	15	2044
9	6	25	461
5	5	11	794
-1	11	11	159
-3	12	12	427
-5	6	19	303
-3	5	17	790
-1	4	18	150
1	10	27	380
11	7	17	692
1	7	31	551
-1	8	33	108
5	5	30	154
3	6	32	91
-5	12	11	535
-7	13	10	56
7	4	11	779
-5	10	10	726
1	6	30	213
11	2	13	939
1	4	23	26
3	3	22	4
9	1	17	231
-7	11	11	1173
11	2	12	575
15	2	13	2705
-9	8	11	1321
5	9	10	420
5	3	13	717
7	2	17	677
7	1	15	83
3	3	18	951
3	6	11	1605
-11	13	23	863
-13	14	20	700
1	8	10	1183
9	3	26	45
-9	12	10	244
-1	4	16	489
-11	9	13	3132
-11	12	10	509
-5	9	9	552
-3	11	28	470
7	3	23	1016
7	3	24	380
5	4	27	184
9	2	17	1719
-1	8	31	824
-3	8	31	196
-1	7	32	49
1	7	32	294
-15	11	11	1510
-9	14	11	30
-11	15	11	59
-13	15	11	205
-11	15	16	178
-7	8	10	713
-7	9	9	584
-17	14	12	2471
7	4	9	141
5	4	11	494
-7	10	10	1145
15	2	17	767
11	3	10	302
-3	5	13	686
-1	4	12	156
-9	13	23	1520
-3	13	15	967
-5	14	14	306
5	5	29	472
3	6	30	736
-1	11	13	2355
3	11	18	413
-3	11	11	560
-1	10	10	402
9	8	17	1392
-1	6	11	1129
-17	15	9	151
-19	15	7	82
-5	10	31	216
9	2	18	2518
-11	12	24	520
5	7	9	595
7	6	6	33
-15	14	18	654
-17	15	15	304
-13	12	20	1555
-9	8	10	585
-9	14	13	405
-13	15	13	590
7	5	10	746
-3	7	10	584
17	4	5	43
17	4	8	600
-15	15	17	341
7	9	18	915
9	6	9	534
11	6	9	705
3	4	13	1518
3	4	12	426
1	5	11	170
-1	5	22	833
-9	8	19	262
-11	9	18	278
5	10	18	813
-9	12	25	1451
9	2	19	1257
-5	13	23	167
1	6	28	1649
7	6	8	156
-13	10	16	427
-11	9	19	81
11	1	13	343
15	3	8	247
-13	10	17	149
11	2	19	1577
13	6	16	424
-5	7	23	1122
-1	9	10	624
-5	6	11	378
13	5	18	1741
-19	13	8	411
1	10	9	89
1	3	17	51
15	4	16	1427
-13	14	10	162
-1	7	30	459
5	8	29	74
7	8	25	76
9	7	24	45
11	6	21	492
9	8	10	589
-3	7	9	119
3	9	28	234
5	10	11	381
9	3	10	167
-1	12	14	1462
3	3	14	474
11	5	8	245
17	3	11	2394
-7	13	23	1017
-9	14	22	165
-7	14	20	319
-5	14	16	403
19	1	8	135
1	3	15	246
-13	11	7	171
-11	10	8	288
1	8	32	291
-1	9	33	116
-19	13	7	281
-17	12	7	434
-7	8	23	956
9	7	8	54
-9	14	20	1070
-7	14	18	1087
-3	13	13	385
-7	7	10	285
9	5	9	375
-1	8	8	132
13	6	8	434
19	3	7	307
-5	7	11	861
11	1	18	109
9	2	21	354
3	4	25	153
1	5	26	356
-1	6	28	141
17	4	6	166
-11	9	17	716
-15	11	8	684
-5	12	26	561
-19	13	6	273
3	8	33	25
-11	9	7	47
-13	10	6	23
-11	14	11	101
5	7	29	711
3	8	30	514
-17	16	10	67
3	3	20	340
5	10	16	1781
15	1	12	252
13	1	14	240
17	1	10	206
-9	13	26	57
5	7	30	317
-13	10	9	923
-5	11	31	55
-3	10	34	10
11	4	9	323
9	4	9	243
7	7	9	588
5	2	19	74
7	1	17	24
1	11	12	773
7	9	10	346
-7	7	20	151
19	3	8	412
17	4	11	609
3	9	10	633
-1	13	16	239
-15	11	7	259
-11	11	9	543
1	4	13	680
7	4	27	376
9	8	18	690
-11	14	22	190
17	4	9	1029
-11	13	10	307
-15	15	11	348
9	2	13	384
7	2	13	123
7	2	15	769
-13	12	10	1135
-7	14	19	648
-9	14	21	352
-19	15	10	254
1	6	10	400
-1	7	8	127
-7	13	11	218
-9	13	11	390
-15	13	8	204
3	4	11	260
5	7	8	98
-1	4	14	573
-5	9	31	47
-1	4	13	255
-7	8	25	82
-1	9	9	280
-3	13	16	1303
-11	10	9	631
-11	14	10	106
-1	11	26	392
-15	15	16	197
-17	15	12	315
-15	15	14	408
7	7	27	223
11	3	9	89
13	6	17	118
11	7	18	268
-1	12	12	213
-5	10	30	472
-1	8	32	303
-3	6	11	674
-5	10	9	288
-3	9	7	74
-5	9	5	14
-7	10	7	74
-5	9	8	105
-3	8	9	224
-9	11	9	356
-11	12	7	96
-13	13	8	117
11	7	8	99
-3	6	24	290
-1	5	23	360
-3	7	29	46
-3	7	28	245
-7	9	27	238
11	1	16	148
13	0	14	45
15	0	12	85
-15	12	5	35
-9	9	7	50
-11	10	6	25
3	5	11	513
13	2	10	191
3	8	31	176
3	9	30	10
-3	13	21	83
-1	12	22	231
1	11	23	374
5	10	19	322
3	11	19	187
-11	11	7	92
-9	10	6	33
13	3	9	145
11	3	11	547
-13	12	5	26
-15	13	7	47
11	4	7	95
-3	11	10	441
-11	15	18	126
-13	15	16	296
-9	15	17	236
-5	14	17	247
-11	15	13	335
-9	15	13	230
-9	12	27	123
-11	13	24	209
-13	14	21	136
7	8	24	226
5	9	25	90
-15	15	10	33
-17	13	7	124
3	6	10	546
-11	15	15	583
15	2	10	345
17	2	8	91
3	3	19	573
-21	15	7	299
-15	14	8	55
-3	10	31	266
7	2	20	338
11	1	19	155
-3	10	10	508
-9	10	8	288
-17	16	14	69
-9	9	8	45
-3	6	10	40
1	12	15	673
5	6	8	125
19	1	11	472
-19	13	4	38
-7	15	16	30
-5	14	15	266
13	1	18	107
-9	8	18	657
7	7	8	57
9	6	6	30
11	5	6	56
-19	14	7	298
-3	11	8	48
-11	15	12	43
-5	14	19	67
-7	11	8	110
-9	11	8	143
1	3	13	145
15	5	15	210
17	4	12	348
-3	10	9	271
-5	11	8	96
7	9	19	393
9	8	20	70
9	8	19	269
5	3	11	44
1	4	11	82
3	3	12	74
-5	12	28	65
-7	13	25	125
3	5	10	419
1	5	10	165
1	8	9	217
1	9	8	109
3	11	20	41
5	10	21	39
7	9	20	136
3	11	11	63
-7	14	21	89
-1	10	7	36
-5	12	9	56
-3	12	11	231
15	5	7	272
5	5	8	93
7	5	6	15
7	2	12	130
1	9	33	12
13	3	20	1469
-17	15	10	204
3	5	29	170
5	6	9	287
-7	10	29	141
11	7	9	549
-9	10	26	185
-11	10	22	199
5	8	9	196
-7	12	29	49
7	5	29	209
1	4	22	228
3	10	9	35
19	0	10	95
9	7	23	241
-9	10	7	58
1	12	12	117
9	3	24	518
-7	14	13	135
-1	13	17	60
21	0	8	58
19	0	12	42
-1	10	29	568
3	8	9	198
-1	5	24	66
17	3	7	111
-5	14	18	153
7	5	8	112
9	5	8	132
-11	15	17	442
-3	14	15	73
-13	10	18	86
-9	9	23	283
3	7	9	304
-15	15	12	265
-11	13	9	105
-3	11	29	163
11	3	24	201
13	2	21	125
17	1	14	149
7	7	7	88
3	8	8	139
9	3	25	201
1	11	11	79
-13	15	12	122
-1	13	13	131
-7	8	24	232
5	3	12	215
-1	9	8	69
-11	15	19	143
1	9	31	199
-19	16	8	50
-13	15	14	264
-9	13	25	203
1	10	28	135
9	4	28	50
11	3	25	62
9	3	27	32
7	4	29	40
-9	13	10	135
7	4	28	116
11	2	21	349
9	1	18	82
7	5	9	180
9	5	7	11
-9	12	26	584
-7	10	30	65
-9	11	27	222
-7	11	30	56
-5	7	25	74
-7	8	26	14
-3	6	25	78
5	5	31	52
7	9	22	11
9	8	21	22
-21	14	6	191
5	9	24	413
1	12	18	161
-5	6	20	110
-3	5	19	168
-17	12	6	166
-11	13	25	80
-7	12	26	1037
-3	10	33	21
-11	15	14	193
-1	9	7	51
1	9	9	251
1	6	9	210
-17	13	6	43
11	2	25	8
1	5	28	8
-5	8	8	122
-7	10	9	367
-1	12	11	104
3	2	14	106
-7	12	10	106
21	2	5	138
15	3	9	352
17	1	12	289
-7	8	8	71
19	3	9	344
9	7	25	36
21	2	6	170
11	3	8	27
15	1	9	36
-17	12	5	45
-21	14	3	40
-3	12	26	28
-3	8	33	25
-5	9	33	14
-7	9	29	30
17	1	15	284
-15	16	10	31
-1	10	31	62
-1	11	27	113
-13	12	7	78
13	0	12	54
5	3	23	157
11	7	19	75
-5	14	13	36
-9	15	14	94
-5	11	29	403
-7	9	7	88
-5	14	12	64
17	3	4	14
7	4	10	98
-9	12	28	42
-15	12	6	33
-17	13	4	23
9	8	9	221
-19	15	8	147
1	12	13	264
-17	14	7	56
-15	13	6	68
-7	15	14	28
5	6	32	45
3	6	35	6
5	5	33	9
7	4	30	15
5	4	28	68
1	5	27	132
-1	6	29	32
-3	7	31	11
-3	6	26	8
5	8	8	129
1	8	8	106
5	2	13	43
-9	8	8	45
-5	7	9	49
-5	11	32	13
-3	14	14	96
1	3	16	234
-7	9	8	61
-3	8	7	20
-19	16	12	55
1	7	33	107
3	7	7	88
-7	11	29	207
-17	16	16	9
-23	16	4	31
5	10	20	110
3	10	24	274
-5	15	14	7
-1	13	14	171
17	0	10	81
-13	14	22	79
-7	15	17	28
-9	16	16	3
-11	16	16	24
-13	16	16	40
-5	10	32	54
5	4	10	85
1	7	8	72
-5	11	9	36
-13	14	11	312
-7	15	13	87
-3	9	32	167
11	7	21	11
-1	13	11	8
13	0	16	40
15	0	14	90
1	10	29	33
3	10	25	87
3	9	31	3
-1	13	15	246
3	7	8	78
5	2	18	146
-13	16	14	59
5	5	9	44
-3	9	8	65
-3	8	32	52
5	8	28	198
5	2	15	253
1	9	32	38
-1	4	11	29
13	6	18	52
-1	10	9	222
-7	11	31	17
-1	11	10	176
13	6	7	53
-5	13	11	59
9	1	14	110
11	1	14	160
-11	11	6	61
-1	13	12	31
-9	14	23	30
-13	15	19	133
-7	12	28	125
1	10	10	116
-17	15	14	185
3	7	32	180
-13	14	9	19
-15	16	14	93
9	1	19	32
11	1	21	15
3	2	15	58
15	4	6	47
19	3	5	82
9	2	23	30
7	8	26	18
1	12	19	24
9	4	10	232
3	6	8	51
1	9	7	36
-5	7	26	33
-3	11	30	43
-1	10	32	25
3	4	26	22
1	4	12	195
5	6	7	50
-9	9	24	58
1	3	14	172
3	2	13	15
13	1	12	122
-9	15	16	48
-9	9	25	40
-3	9	33	78
-3	11	9	37
-1	7	7	35
1	7	7	51
-7	9	28	49
-5	8	29	80
11	1	20	16
-7	15	15	80
-15	16	16	41
-13	15	18	113
3	7	33	72
9	8	8	47
-9	15	18	75
1	8	33	124
-17	14	8	104
19	2	6	61
21	1	5	35
-3	13	22	4
-5	14	20	9
-7	15	18	9
-11	9	8	89
-1	6	9	85
-13	16	12	45
-5	6	10	26
21	0	6	31
7	9	21	39
7	6	7	65
19	0	8	57
1	11	10	63
3	11	10	42
3	10	10	47
13	4	7	59
-13	10	7	35
21	1	6	119
-3	9	34	31
9	6	8	317
-15	15	9	41
-3	5	11	68
11	1	12	35
-3	5	20	46
-5	15	13	25
-9	14	10	45
15	2	8	63
3	9	29	39
7	3	25	142
11	7	20	13
-23	15	3	41
-9	15	19	19
-21	14	5	108
-19	13	5	100
5	9	9	55
-7	10	6	24
19	2	5	32
19	1	7	65
-3	10	7	27
-17	14	6	28
9	4	27	136
17	0	12	120
-5	12	10	96
-11	14	24	24
-13	15	21	12
11	2	24	23
13	1	21	9
15	1	19	41
7	5	30	48
-9	13	27	23
-21	15	6	106
-9	12	7	24
7	1	13	69
-21	14	4	40
-1	6	10	105
5	4	29	10
-1	7	33	13
13	3	7	19
9	4	7	19
23	1	3	42
5	2	12	49
15	1	18	25
-11	16	12	24
25	0	0	5
1	6	7	25
7	8	8	78
1	7	34	23
-11	16	14	11
3	5	8	43
13	0	10	10
15	1	16	166
1	6	8	27
11	7	7	27
-9	16	12	13
-1	8	6	28
11	0	16	17
7	1	18	10
1	8	34	42
-9	11	7	15
-7	10	8	160
-15	11	6	32
13	6	6	24
1	12	11	40
-1	8	36	8
13	5	6	39
9	7	7	40
-5	6	21	34
-7	7	22	10
-7	8	28	7
-1	8	34	40
-5	10	7	45
-3	7	30	20
-5	8	32	3
15	4	5	23
21	2	3	32
3	2	12	18
11	4	8	38
-1	4	19	28
-3	10	32	118
9	5	6	35
13	3	8	111
-11	14	23	34
1	6	32	31
-7	7	9	26
5	9	27	7
9	2	10	35
17	2	7	51
21	2	4	48
7	2	22	9
5	3	24	23
-7	13	9	13
5	7	5	20
-5	7	8	8
7	7	28	52
7	3	26	38
-19	14	5	32
-15	15	18	23
15	3	6	48
-21	15	5	42
-1	5	10	71
7	9	9	42
7	1	14	27
-9	8	21	28
1	3	12	20
-11	13	8	24
15	5	6	38
-5	10	34	11
5	4	9	67
17	2	6	28
15	3	7	58
5	7	7	34
1	9	34	7
-9	16	14	6
11	6	6	23
-1	7	34	14
1	8	35	19
15	0	10	29
-3	14	12	21
15	0	16	34
-9	8	20	79
-3	7	8	23
-3	13	11	21
3	5	31	6
3	8	36	1
11	6	7	28
-5	6	9	18
9	1	16	47
3	6	7	19
-13	14	8	18
5	2	20	8
3	7	34	49
-5	9	7	46
-9	13	9	19
-3	5	10	35
-7	12	30	22
1	11	25	8
3	10	26	11
11	2	23	19
13	2	8	23
15	1	10	40
-1	10	8	23
-1	5	25	8
-1	8	37	3
1	7	38	1
-11	9	21	14
3	5	30	44
-3	8	6	20
7	5	31	18
5	6	34	6
-13	16	10	6
1	6	31	78
13	4	5	28
-7	13	26	34
9	6	7	40
-9	12	8	13
-7	11	6	15
23	1	2	14
-3	10	8	42
-5	7	27	11
-13	11	6	34
5	1	13	19
-5	6	22	5
-11	12	8	35
9	3	28	15
3	5	9	37
-7	7	8	10
-7	13	27	3
-9	14	24	6
3	3	11	12
11	0	12	29
-7	7	21	24
-13	13	7	15
9	2	24	10
-9	8	24	4
-11	14	25	10
7	3	10	40
-11	9	20	17
5	9	26	20
-17	16	8	11
1	7	36	4
17	0	8	9
5	10	10	32
-21	16	6	37
5	5	32	14
-7	14	22	7
-11	14	26	2
7	4	31	6
-3	14	16	8
1	6	33	6
1	7	35	17
3	11	21	2
-9	11	6	46
3	8	7	23
9	4	8	7
9	3	9	16
-15	11	5	14
-15	15	19	36
13	2	9	20
-13	16	18	6
-11	15	21	7
3	8	6	21
7	1	16	22
15	5	5	13
3	6	33	26
3	9	8	22
7	3	9	10
5	8	30	7
5	10	9	17
-3	14	13	13
-5	8	30	12
-3	5	21	4
1	3	11	7
5	9	8	16
-5	12	29	11
-5	11	33	8
1	8	6	26
-1	11	28	11
3	6	34	7
-11	15	20	10
9	0	12	5
3	2	16	4
-3	10	36	4
-1	9	35	8
-1	8	35	17
7	9	8	11
-3	8	34	9
-5	9	32	15
-11	10	7	24
5	10	22	4
-25	16	0	7
7	9	23	7
-1	9	38	1
-3	11	31	14
13	0	18	4
5	6	33	12
-13	15	22	2
5	8	32	1
-13	15	23	4
-1	7	35	3
3	7	37	2
9	8	22	7
-23	15	2	6
7	0	12	1
-1	10	33	2
11	0	14	8
1	7	37	1
-9	13	28	8
-3	9	37	4
5	7	32	11
-1	4	20	1
-7	12	31	2
-15	16	20	3
3	6	36	1
5	1	14	2
-9	8	22	3
7	3	27	2
9	3	29	3
17	0	16	5
-7	7	23	4
3	7	35	3
1	8	36	2
11	2	26	2
-3	10	35	3
3	7	36	1
1	10	30	1
1	3	18	2
-5	10	33	1
9	0	14	1
-7	16	12	2
-1	9	37	1
9	0	16	1
1	9	35	1
-1	13	18	1
