23	0	4	31
21	1	7	261
19	2	10	965
17	2	12	2470
15	3	15	5908
13	4	18	7783
11	4	18	27810
9	5	19	57184
7	5	21	61307
5	6	20	132574
3	6	20	127688
5	5	21	65317
9	4	20	30160
7	4	20	32729
5	5	20	78041
7	5	18	78820
5	6	18	111214
3	7	21	170025
1	8	22	164287
3	8	22	102104
5	7	19	131258
7	6	18	95746
5	7	18	116374
3	7	16	64494
1	7	16	59206
3	6	16	47110
5	5	17	48642
7	5	17	59939
7	4	18	34284
9	3	16	10465
11	2	15	2384
9	2	15	1350
7	3	16	6332
5	4	15	9282
3	5	17	33946
1	6	16	36248
3	6	14	15085
5	6	14	18857
-1	7	19	119298
1	6	17	57341
-1	7	18	99214
5	7	14	21273
3	7	14	19821
5	6	11	1951
7	6	11	2583
5	7	12	5008
3	8	12	5751
5	8	12	5210
7	8	12	4189
5	9	13	5012
3	9	17	48977
5	8	16	46841
7	7	16	49699
7	7	19	62177
5	7	17	93500
3	7	19	167766
1	7	21	169365
3	6	22	99672
1	7	23	111036
-1	7	21	114535
5	5	23	33980
7	5	23	28370
5	6	22	94056
3	7	23	107395
1	8	24	87796
-1	8	24	88303
-1	8	26	32793
-3	9	27	13440
-1	8	27	17418
-3	9	25	44891
-5	9	21	110322
-3	8	20	141529
-5	8	18	70067
-3	8	16	63352
-5	9	17	94516
-3	8	18	118945
1	7	19	160804
3	6	18	99905
1	7	20	174843
-1	8	21	187360
-3	9	22	141831
-5	10	23	68848
-1	9	27	14830
-3	9	24	74015
-3	8	21	125499
-1	7	20	122856
1	7	22	143872
3	7	22	142495
-1	9	22	144679
1	9	22	91688
-1	9	24	77340
1	8	23	125397
1	8	21	187388
3	8	19	134696
1	9	19	120139
3	8	20	140644
1	9	23	66699
-1	10	22	63405
1	9	20	122570
3	9	18	57532
5	9	16	17441
7	8	16	22315
7	8	15	17678
9	8	13	3034
11	7	11	2139
13	6	11	2368
15	5	10	1676
13	6	9	843
15	5	11	1605
13	6	13	2497
15	5	12	1543
13	6	15	1135
11	7	16	1557
13	6	14	1690
11	6	18	7498
9	7	19	9555
5	7	21	110272
5	8	19	68947
-1	9	20	174718
-1	8	23	124894
3	6	19	122793
3	5	16	26262
5	4	16	12988
5	4	20	22167
7	3	17	8686
9	3	19	12872
7	4	22	17100
9	3	21	6121
7	4	24	5300
5	5	26	5643
3	6	23	73752
1	7	24	77016
5	5	19	73862
9	3	15	7388
7	4	16	20249
1	5	17	19720
-1	6	17	34051
-3	7	16	35340
-5	8	15	29038
-7	9	16	49690
-5	9	16	62306
-3	8	17	87139
-5	9	18	116296
-7	10	17	82467
-3	9	18	136633
-1	8	17	99628
-3	9	17	103592
-5	10	15	34922
-7	11	16	46459
-9	11	16	49272
-7	11	20	79338
-5	10	20	133055
-3	10	20	127832
-1	9	19	161492
1	8	20	196493
1	8	18	147106
-1	8	14	23809
3	8	16	63154
5	7	16	62846
3	8	15	34813
1	9	18	100275
9	6	15	35715
11	5	15	27923
7	5	19	80338
5	6	26	13146
3	6	24	48084
5	6	24	42370
5	6	23	68677
3	7	24	73311
3	7	26	25382
1	7	26	28205
3	6	25	29886
-3	10	21	122873
-5	11	19	74654
-7	11	19	80853
-5	10	18	111505
-7	11	21	61988
-9	12	20	30761
-7	11	23	28604
-9	12	21	21190
-7	11	22	45754
-5	10	25	25051
-3	10	25	29699
1	8	25	55552
3	8	21	125609
3	8	18	120317
7	6	20	90001
5	6	16	57112
1	7	17	95100
-1	8	20	196787
-3	8	22	102182
-1	7	23	66713
-5	9	25	19225
-7	9	21	35925
-3	7	15	23572
-1	7	15	30940
-9	11	14	21192
-11	12	15	24186
-13	13	14	10065
-11	12	16	28952
-13	12	12	5723
-11	11	11	3372
-9	10	14	23335
-7	10	18	96419
-5	9	19	130947
-5	9	13	13414
-5	8	12	5111
-3	8	12	5917
-1	8	12	5935
1	7	9	290
3	7	11	2814
5	7	13	13483
7	6	12	5910
9	6	12	7639
7	7	14	20743
7	7	15	36651
9	7	11	3033
3	8	17	86353
1	8	17	99520
-1	9	16	59629
1	9	16	49363
-3	10	17	75464
-3	10	19	123003
-5	11	20	78367
-7	11	18	79066
-5	10	17	86265
-3	10	23	74586
-1	10	23	45428
1	9	26	13247
3	8	25	27113
5	7	25	19000
3	8	26	13986
5	8	26	1736
7	6	24	17253
5	7	24	35775
3	8	23	71317
-5	9	20	128356
-11	12	17	33361
-3	9	14	20366
-1	9	14	18714
1	9	12	3902
-1	10	13	6638
-3	11	14	8917
1	10	15	17098
3	10	15	9033
5	9	15	13381
5	8	20	61675
1	10	19	43660
-1	11	18	24732
-3	11	20	53554
-7	12	23	9984
-5	11	24	20849
-1	10	25	16087
1	9	25	25231
3	9	23	18605
5	9	21	5446
3	10	20	7187
1	10	22	22049
-1	10	18	72520
1	10	18	41235
3	10	16	11527
3	9	11	1440
5	8	13	9002
3	8	13	9637
3	8	10	1220
1	8	12	5808
3	7	12	4300
5	6	13	9871
1	8	14	23649
-1	9	15	37712
-3	9	15	40935
-1	8	16	70178
-1	8	18	146602
-3	9	20	179070
-1	9	23	112090
3	7	17	102775
-1	8	22	164480
-3	9	23	107968
-5	9	23	57255
-1	8	19	175370
1	8	19	174953
-3	8	23	72340
-1	7	24	42954
-5	9	22	84470
-3	8	24	46861
-7	10	19	102722
-9	11	20	48024
-11	12	18	28026
-13	13	17	11096
-15	13	17	1990
-17	13	13	1633
-19	13	9	308
-17	12	12	350
-15	11	14	402
-13	10	14	1764
-11	9	14	2937
-13	10	11	2247
-11	9	12	2835
-9	9	16	21749
-7	8	17	22097
-5	7	17	19774
-3	6	18	13164
-3	7	19	61444
-1	6	18	41050
-5	8	21	45992
-7	9	20	51161
5	6	19	132921
9	4	22	13533
7	5	22	45700
9	4	21	21137
11	4	17	33181
9	5	20	48126
11	5	18	27040
9	6	19	42938
7	6	19	102300
9	6	17	53391
7	7	18	67473
1	9	24	42966
3	9	22	29913
5	8	21	46388
5	8	17	58708
3	9	15	23486
1	10	16	23965
3	9	19	61765
5	8	18	69879
-1	10	19	87244
-3	11	18	47352
-1	10	20	89472
1	10	17	34138
7	7	17	62368
9	6	16	45753
5	8	15	28860
7	7	13	12762
11	6	11	3215
9	6	13	13180
7	6	13	11428
5	6	17	86776
3	6	15	30084
5	5	18	68250
7	4	21	25735
5	5	24	20842
7	5	26	3816
5	6	27	6591
3	7	25	45063
1	7	25	48553
1	6	24	28349
7	6	22	49801
5	7	23	57643
3	8	24	46456
1	9	21	114257
-1	9	26	28266
-3	10	26	16303
1	10	24	6621
5	9	17	19845
7	9	13	2361
9	8	14	3375
7	8	17	22291
9	6	18	50027
5	5	15	18853
1	5	15	8471
3	5	19	51014
1	6	18	72577
3	5	21	43468
1	5	21	16962
-1	6	20	39858
1	5	19	24819
-3	7	21	44487
-9	10	19	42901
-5	9	24	35826
-1	8	25	55589
-3	8	25	27134
-1	7	22	91522
1	6	21	81236
-3	9	19	167704
-5	11	22	52159
-7	12	21	25610
-9	12	19	38574
-5	10	22	94028
-1	9	21	170596
3	7	20	178399
5	7	20	128004
11	5	12	7695
9	5	16	49431
7	5	20	79061
7	6	16	59559
9	6	10	1401
9	7	13	10698
11	6	10	1947
15	4	14	4507
11	5	17	31660
7	7	21	35448
-1	10	24	28635
-3	10	22	99678
-5	11	17	48433
-7	12	20	33418
-9	13	19	12818
-7	12	22	17011
-9	12	22	13399
-11	13	19	11599
-9	13	17	13682
-7	12	18	34361
-9	13	15	7438
-11	13	17	15794
-7	11	17	59951
-5	10	19	132648
-1	10	17	57462
3	9	20	55712
7	8	13	7258
11	6	12	7167
9	6	14	23184
7	8	14	13356
-3	10	15	30110
-9	11	17	57138
-3	8	19	135113
-3	9	21	170811
5	6	25	25163
3	7	28	6834
1	7	28	7176
3	6	27	7871
-1	7	28	2986
1	6	27	3812
5	5	25	11379
9	4	24	3406
11	4	22	3902
7	5	27	1803
5	6	30	494
7	6	28	510
5	7	28	1804
3	8	27	6924
5	7	27	4409
7	7	23	11679
9	6	24	1738
7	7	25	2371
3	9	21	44746
5	9	12	2430
7	9	17	1610
5	8	22	30848
1	9	17	76474
-1	9	17	95936
-3	9	13	11971
-5	10	16	57202
-5	9	11	3005
-7	10	11	2540
-9	11	12	5506
-9	11	18	65343
-13	13	16	11712
-15	13	14	6570
-13	12	14	14877
-11	11	15	27882
-13	11	13	10012
-11	10	15	17549
-9	9	18	15140
-13	11	14	11724
-9	10	17	53427
-5	8	17	58879
-5	9	15	41590
3	5	18	47070
1	6	20	89239
3	4	16	7344
-1	6	15	16900
-3	6	17	13463
7	6	21	73138
5	7	22	83275
5	5	22	51869
3	6	21	121621
7	4	19	37703
9	3	18	12754
11	3	16	14071
9	4	17	38416
1	7	15	37192
3	7	15	41255
-1	9	18	127322
-1	10	15	23434
-5	11	18	68516
-1	7	17	76741
-1	6	19	43315
5	4	17	19930
7	3	18	8489
7	4	17	30372
9	5	14	21233
5	7	15	41491
-5	9	14	21191
-1	7	16	50207
-5	7	12	2401
-3	7	12	3239
-5	8	9	238
1	6	15	23647
3	4	18	11302
-3	7	17	49103
-7	9	17	62436
-5	8	16	46696
-7	8	14	13164
-9	8	12	2544
-9	9	13	11018
-9	10	15	35569
-9	11	19	57574
-7	10	20	89328
3	7	30	1256
1	7	30	1486
3	6	29	1727
1	8	27	17338
-1	9	25	48422
1	8	26	32831
7	6	23	32088
7	5	24	16524
3	8	14	22038
-1	11	16	16162
-3	12	17	10429
-5	12	19	25458
-7	13	18	8518
-5	12	21	17503
-9	13	20	8635
-7	13	20	6166
-9	14	17	1842
-11	14	17	2860
-3	12	19	11479
-3	11	22	33631
1	10	20	40226
-1	11	19	24534
-3	11	19	51260
-1	10	21	81944
-5	12	18	23071
-3	10	18	99480
-3	9	16	63270
1	8	16	71171
-5	10	21	120623
-9	11	22	19111
-7	11	24	16467
-5	10	27	6628
-3	9	28	6646
-5	9	26	9822
-3	8	27	7051
-1	7	26	13342
-3	9	26	25812
-1	6	23	12564
1	5	22	11060
-1	6	24	6720
3	5	20	52912
5	4	19	25400
5	3	17	4332
3	5	15	13372
1	6	19	86674
-3	7	18	57092
1	6	14	11459
-1	6	14	8273
3	6	17	75326
3	7	18	135558
-5	10	24	42538
-9	12	18	39714
-5	11	21	65179
-3	11	23	21721
5	6	21	120818
9	5	22	19036
7	6	25	8423
5	7	26	9861
3	5	13	3138
5	4	13	2687
7	4	15	14359
9	4	11	1339
7	5	14	16519
7	6	15	38888
5	8	14	19275
5	6	12	4486
9	7	12	5086
5	7	10	771
7	6	9	384
1	7	27	14850
-7	9	18	66885
-3	11	17	33771
7	7	20	51088
-3	10	16	47644
-5	11	16	36919
9	7	16	21929
11	7	12	2886
9	8	15	3010
11	7	15	2280
7	9	15	2769
5	10	17	1413
9	8	12	2552
9	7	15	20347
-7	10	16	58912
-7	10	22	49567
-5	8	20	61017
-7	9	19	62641
-9	10	18	49918
3	10	18	13417
1	11	19	6114
-1	11	23	5952
-3	12	21	6425
7	4	14	6513
9	4	19	38322
9	4	23	6702
9	5	21	31060
11	4	19	21352
13	3	19	4177
9	6	20	29149
11	5	14	22070
7	6	17	82957
9	4	18	39687
9	5	17	57524
13	4	17	11923
1	6	22	63369
1	6	23	45302
-5	8	14	19487
-7	9	15	37156
-7	9	12	5315
-5	7	16	17051
-7	8	15	17694
-7	8	21	4594
-5	7	21	5254
-7	8	18	19279
-5	7	19	14393
-3	6	19	10706
3	5	22	33581
5	4	22	11684
1	5	20	22861
-1	11	21	16706
1	10	14	8434
-1	10	16	36251
-1	11	17	19701
-3	11	15	13597
1	7	18	127756
-3	8	15	35213
-7	10	12	5802
-5	10	14	18771
-3	8	8	185
-5	8	10	1061
-7	9	13	12776
-11	10	12	7402
-13	10	10	1657
-13	11	11	4495
-15	12	10	2453
-15	13	13	6895
-13	12	16	15803
-15	12	12	5427
-13	11	15	9600
-11	10	17	12466
-7	10	15	38570
-9	10	13	13279
-7	10	13	11306
1	6	25	16091
-3	7	24	9653
-5	7	22	2524
-3	7	22	29696
-5	8	22	30878
-3	6	20	7021
-1	5	19	6004
3	4	22	3548
13	4	16	15288
3	5	23	21557
7	5	16	46800
11	5	19	17525
9	4	14	9814
9	3	17	13346
11	3	15	10924
13	3	13	5638
5	5	16	37332
1	8	15	36889
1	9	15	31222
-3	10	13	8071
-5	11	14	12319
3	9	24	9720
5	8	27	732
7	7	26	914
9	7	22	1025
7	7	24	5770
5	8	25	4279
-1	9	13	10346
-3	10	14	15457
-1	10	12	2388
1	9	11	1908
-1	11	24	2807
1	10	21	32145
9	6	22	9510
5	8	23	17903
-1	7	13	8898
5	3	15	2393
7	3	15	4384
13	2	13	1766
11	3	12	1809
13	3	10	682
-7	12	16	20293
1	7	11	2195
3	6	12	3253
-1	8	15	37196
-7	12	17	30403
-9	12	15	19998
-11	12	13	9462
-9	11	10	1323
-7	11	12	4359
-9	12	13	6476
-9	12	9	261
-7	12	9	137
-5	11	11	813
-3	11	13	3251
-5	11	13	4765
-7	12	14	6450
-9	13	12	977
-7	13	12	538
-9	13	14	4352
-7	13	16	6350
-5	13	16	3259
-7	14	15	772
-5	13	17	4172
-7	13	19	8756
-5	12	20	21943
11	3	19	11512
9	5	15	30903
9	5	18	64570
9	7	20	5702
11	6	16	15493
13	5	15	9455
1	9	27	6457
-5	11	15	19016
3	9	16	35548
1	7	29	3514
3	6	28	3710
5	5	27	2496
3	5	25	6462
5	3	19	3739
9	2	16	2705
7	3	19	8856
5	4	18	22956
11	4	15	24348
9	4	15	20266
5	6	15	35228
-7	10	21	73077
-11	12	20	14850
7	8	20	8856
9	7	17	19663
5	9	14	8990
3	9	14	13454
3	9	13	6952
-1	12	17	3872
-1	11	20	23597
-5	12	17	19862
-1	11	15	8605
-3	12	16	7296
-7	13	17	8636
-3	11	21	43100
11	3	17	15790
13	3	16	11368
15	3	14	6342
3	7	27	13273
-1	8	28	8860
9	4	26	572
11	4	24	547
9	5	26	684
7	5	28	706
9	4	25	1425
7	4	25	2395
-7	10	23	32543
-11	11	18	27414
-13	12	17	12000
-11	11	20	10481
-11	13	18	13231
-11	12	19	21589
-13	12	15	18528
-15	13	12	5296
-9	9	15	20222
-7	8	16	22105
-11	10	16	15759
-9	9	17	19626
1	8	13	9627
3	8	11	1821
1	9	14	16529
-1	10	11	1378
1	10	11	1142
-5	8	24	9589
-7	8	22	2163
-9	10	16	45903
-11	11	13	12261
-11	11	12	7645
-13	12	13	12036
11	5	20	10712
11	6	17	12305
13	5	17	3892
11	6	22	244
9	6	26	175
7	7	29	29
1	9	28	2927
-5	10	28	2866
-7	11	26	3860
-5	11	28	1051
-3	11	26	2984
-1	10	28	1717
-7	11	15	24950
-11	11	16	35088
-3	10	27	7987
-3	11	16	26293
3	10	19	10938
5	10	15	2042
7	9	14	2617
3	10	17	13370
1	11	15	4456
-3	10	24	48400
-5	11	23	34463
-3	11	25	6430
-1	10	26	7985
-3	11	24	12675
1	9	13	8708
1	7	14	18954
-1	9	11	2313
-7	9	14	20604
-3	6	22	1980
-9	11	13	9929
-9	11	15	30466
-7	9	22	22097
-9	10	22	9646
-7	9	25	2396
-5	8	25	4269
-3	7	26	1904
7	8	19	14189
5	9	20	9481
-1	8	30	1793
1	8	28	8905
-1	9	31	598
-3	10	29	1660
-1	6	25	3036
1	5	23	5997
-1	6	22	21605
3	4	21	6428
3	6	26	16178
-7	11	14	16196
-9	12	16	27034
-17	14	10	1262
-5	12	13	2590
5	3	16	3183
7	3	20	6268
9	3	20	8748
11	3	20	5929
13	3	18	6001
15	2	15	2339
13	3	14	9894
11	4	13	9408
13	4	13	11795
11	5	16	34899
7	5	15	25427
11	4	14	13655
7	6	14	22743
3	7	13	11976
9	7	14	15544
13	4	9	817
11	4	11	2444
15	3	10	1436
13	4	12	5721
11	4	16	28755
13	3	15	11920
15	3	13	6551
13	4	14	14811
9	4	16	26977
11	2	18	3583
13	1	16	284
11	2	17	2866
-3	7	20	55140
7	8	18	19311
5	9	19	14404
1	10	13	4654
3	9	12	3217
-3	6	21	4017
-3	7	23	18672
-3	7	25	4671
-5	8	28	178
-5	8	23	17947
-3	12	15	5266
-1	12	13	705
-3	12	13	1535
-5	13	13	776
-7	14	14	790
-9	14	14	1347
-7	13	14	2389
-5	12	14	4271
9	7	21	2433
-3	9	29	2950
-1	8	29	4170
-9	10	20	29503
-5	7	15	13430
-7	8	12	4170
-9	9	9	503
-1	8	11	1589
1	7	10	663
3	7	10	767
-7	12	19	37447
-9	12	17	37901
-11	13	15	10781
-9	13	13	2036
-7	12	15	14199
-11	11	19	17624
-17	13	11	2435
-19	14	10	972
-15	12	11	4856
-13	11	10	2235
-11	10	11	3152
-11	11	8	287
-9	10	11	2950
-9	13	16	10432
11	3	18	13317
13	2	15	3405
11	5	21	5220
7	7	12	5298
9	7	10	1044
1	11	21	1936
-1	11	25	1077
1	10	23	12692
-9	12	14	9532
-11	13	16	13971
-13	13	15	12024
-11	12	14	13807
-5	7	18	17807
-9	10	21	18757
-5	11	25	11362
-11	11	17	31875
-9	11	21	31178
-11	14	18	3669
-13	14	16	5120
-5	10	26	13257
-1	10	14	11752
-5	8	19	68908
-1	11	14	5810
-11	14	15	2376
-9	13	18	12924
-13	14	15	3510
-15	14	15	2386
-17	15	13	782
-15	15	15	892
-11	12	21	7404
-13	13	18	6049
-1	6	21	31950
-9	9	20	5496
-1	7	14	16734
-5	8	13	9137
-13	12	11	3375
-13	13	12	3446
-7	13	21	4335
-5	13	21	1394
-3	12	20	9412
-15	12	14	4711
-13	11	17	4212
-13	12	18	7957
9	5	12	5499
7	7	22	21930
-3	8	14	22387
-9	9	14	15485
-7	8	19	13933
-9	8	17	1424
-11	9	16	1485
-11	10	18	7648
5	9	18	17675
13	4	15	18196
13	3	17	10728
-1	6	16	23695
1	5	16	16025
3	4	15	5362
1	6	13	6535
3	6	13	8175
1	7	13	10472
9	6	11	2973
-11	10	10	1911
-3	8	26	14161
-1	11	22	10861
-3	12	22	3417
-7	11	25	8500
-9	11	25	1941
-3	11	12	2168
-5	12	15	9181
11	4	12	3619
-3	10	11	1597
11	6	8	298
11	5	11	3331
-5	10	13	9734
-9	9	11	3127
-11	13	14	7149
-9	14	16	2718
-5	13	19	3804
-3	9	11	2726
-1	8	13	9769
-5	7	20	9586
-1	9	29	3512
-3	9	31	496
1	9	29	1228
3	9	27	797
1	10	25	3038
-1	10	27	3752
-5	11	26	5689
-15	12	13	6097
-13	10	12	2487
-11	10	14	15780
-9	8	14	3315
-7	7	13	2337
-7	7	16	2387
-5	6	14	1871
-1	5	15	4393
-3	6	16	11469
-7	7	11	656
-9	8	9	202
-11	9	10	1075
-7	8	13	7133
5	4	24	3240
3	5	24	12526
-7	9	11	3364
-15	14	9	102
-11	14	19	1659
-5	9	12	4905
-9	9	19	9948
5	4	21	17319
15	3	17	1957
11	6	19	4397
9	6	23	4759
-1	5	16	6964
9	5	11	1834
-11	14	13	1012
9	6	21	18554
1	6	26	8110
-1	7	25	25619
9	3	12	915
9	5	24	4996
-13	11	16	7673
-11	13	12	1809
-9	12	11	1423
-11	11	10	1624
-9	10	12	7550
1	7	12	4058
-13	13	19	4328
9	5	23	10725
3	8	28	3118
-11	10	20	1640
1	5	18	24537
-7	9	23	11496
-9	10	23	4714
-7	8	20	9052
-7	10	14	22469
-11	11	14	22266
9	3	14	4423
7	3	14	2334
13	3	12	3463
15	2	9	113
13	3	11	1222
-9	11	11	1746
-5	10	12	4533
-9	12	23	6452
1	10	26	1205
-7	12	12	1321
-5	12	16	13320
-11	10	13	12203
-1	9	12	3952
-7	12	13	4499
-11	12	11	2541
-13	13	21	790
-13	12	19	3399
-11	12	23	1399
-5	12	23	6434
-3	12	23	1708
-3	12	24	585
-5	12	24	3302
-15	12	15	2744
-13	11	9	746
-7	7	14	2679
-11	9	15	2308
-13	10	13	2330
-17	14	11	1580
-15	13	10	1507
-15	13	9	357
-13	13	13	5738
1	8	29	4119
-11	13	13	3330
-7	11	13	6824
-17	12	9	1026
5	5	28	1100
5	4	23	6798
7	3	21	4401
9	2	22	193
11	2	20	1315
13	2	16	4979
15	2	14	4178
17	2	14	1419
15	2	16	2439
17	1	13	805
11	4	20	14797
7	5	25	8460
-3	8	28	3057
-11	12	9	312
-13	13	11	1172
-15	13	11	2544
-13	12	9	955
-11	9	9	513
-7	7	15	2858
-1	7	29	1255
-15	14	17	777
-13	13	20	1523
15	3	16	3046
15	4	12	5350
13	5	14	11532
11	6	15	17672
-15	14	14	4312
-5	11	12	3309
-15	14	12	2325
-19	15	9	490
-9	11	23	10841
-7	10	24	17618
-15	13	16	3189
-17	14	13	1408
-9	8	15	2988
3	5	14	9268
5	7	11	2978
3	5	12	2134
5	5	12	3237
-3	9	9	283
5	8	24	9229
3	9	25	4467
11	6	14	15587
15	4	11	4693
15	3	12	5402
15	2	12	2332
-5	13	15	2401
-3	7	14	13608
-1	6	12	1827
5	5	14	12530
3	4	19	11541
-7	11	27	1715
-11	11	21	5350
-13	11	19	712
-15	12	16	1462
-11	10	21	501
-9	9	22	1002
-11	10	19	4414
-15	11	12	1606
-7	9	24	5641
-9	13	21	6079
-11	13	21	3869
-9	9	21	2452
-5	6	18	794
-7	7	19	395
-1	6	26	1233
-1	5	18	7649
-7	13	15	4537
11	5	13	12249
-11	13	20	6000
-5	12	22	11761
11	5	10	1608
-5	8	11	1899
-5	7	13	5014
-17	13	9	1190
11	2	14	2386
9	2	14	1310
11	1	15	573
13	1	13	633
9	3	13	2075
7	4	23	9903
7	9	16	2424
11	7	14	3068
3	4	24	571
5	3	22	595
7	2	21	94
5	2	17	226
7	2	19	670
5	3	21	1408
5	3	18	3888
3	4	17	10441
-15	12	9	1266
-19	14	6	63
-15	12	8	261
-13	12	8	146
-13	13	9	148
-15	14	10	369
-3	8	10	1199
-7	10	25	8398
-9	11	24	4997
-5	9	28	1817
-5	9	27	4627
-7	12	25	2292
-7	13	22	1972
-5	8	26	1731
7	5	12	4338
13	5	16	7529
15	4	13	6054
11	4	21	7474
13	4	19	3346
15	2	11	1095
11	3	23	825
13	3	21	807
15	3	11	2560
17	2	10	1166
13	5	13	9884
-13	11	12	8192
-15	11	10	1474
3	9	26	1857
5	8	11	1840
13	5	11	4384
11	6	13	11959
11	7	10	1046
9	8	11	1224
9	5	13	9887
7	8	21	4717
9	7	18	15378
-11	11	22	1843
7	8	10	731
3	10	11	633
-9	10	24	1777
-5	8	27	640
-7	9	26	923
1	6	29	604
-5	7	14	8966
1	4	17	3796
3	3	17	1434
1	4	18	3447
-3	6	15	9034
5	4	14	4266
7	3	12	516
-9	8	13	2890
-11	11	23	665
5	6	28	2893
9	7	9	565
-1	7	27	6375
11	3	14	7088
7	3	22	2116
3	4	23	1620
1	5	25	1129
-9	10	10	1387
-9	10	9	535
-3	12	14	2811
-9	9	12	4986
1	5	14	5932
-1	5	12	811
-3	8	13	9604
9	3	22	2883
-13	15	15	973
-15	16	12	79
-17	16	12	125
-19	16	10	94
-21	16	8	71
-17	15	11	756
-19	14	8	574
1	5	13	2319
-11	12	12	3531
-3	7	13	6804
3	10	14	5325
7	2	16	1304
9	1	15	213
11	1	17	452
13	1	15	916
17	2	11	1600
19	1	10	246
17	2	13	1339
7	9	12	1447
5	10	12	656
3	11	15	1153
1	11	17	7747
17	2	9	562
13	4	11	3454
-13	14	18	2642
-17	13	12	2156
-19	14	9	763
1	4	19	2382
-1	5	20	3906
-15	11	15	191
-1	12	16	3108
1	11	18	7873
-1	5	17	7604
1	4	14	1403
-3	5	15	1048
-5	6	17	1313
-7	7	18	852
7	3	13	1226
5	5	10	444
1	5	12	1544
-11	9	11	2278
3	4	20	9424
-3	13	14	547
1	11	14	3163
-1	9	30	1481
1	9	30	480
-9	14	19	1295
5	9	11	967
7	9	11	666
13	2	18	2570
9	5	25	1983
13	4	20	1462
17	3	10	2239
19	2	9	821
19	2	7	330
19	1	9	466
17	1	11	804
15	1	15	920
13	2	17	2553
3	5	26	3061
-3	6	14	5085
15	5	9	1100
13	6	12	2458
13	5	9	746
15	4	9	1239
-11	14	16	4226
-11	14	14	2567
9	1	13	238
11	1	11	53
9	2	12	308
7	3	11	200
-5	6	13	1333
-3	5	16	1095
-3	9	30	1321
-7	8	9	198
3	7	31	508
5	7	33	9
3	8	32	43
5	7	31	52
3	7	29	2869
13	5	12	8304
-7	7	12	1548
11	3	21	3744
13	2	20	664
11	2	22	234
13	2	22	73
15	2	18	650
11	3	22	1582
1	6	12	2467
-1	7	11	1925
5	5	13	4634
9	4	12	2057
11	3	13	3474
3	4	14	2806
15	1	11	333
15	1	13	1046
9	3	23	1499
-3	12	18	11451
13	2	14	3882
9	4	13	6636
-13	14	14	3803
-15	15	13	1070
-13	15	17	587
-11	14	20	1252
7	8	9	177
7	7	10	1014
15	4	15	2621
1	4	20	1201
-1	4	17	326
-3	5	18	377
1	11	22	852
17	1	9	193
13	2	11	341
-1	12	18	3632
-5	13	18	3797
-7	10	26	4036
11	5	22	1800
5	6	29	1201
7	6	29	164
5	6	31	183
3	6	31	258
5	2	16	455
-3	9	12	4326
3	3	21	74
-7	12	24	5262
-9	15	15	207
-7	14	16	1204
17	3	8	700
19	3	6	316
13	6	10	1673
-17	14	14	1490
-1	12	20	1163
-3	13	19	544
-3	13	17	1455
3	10	21	4092
7	8	22	2113
5	9	23	1152
3	10	22	2088
1	11	20	4066
11	6	20	1493
-1	11	12	1516
1	10	12	1823
3	9	9	155
5	8	10	1044
1	11	16	7043
7	5	13	6803
-9	12	24	3420
17	4	7	470
19	3	4	35
17	3	6	49
13	5	8	293
9	8	16	2369
-3	9	10	754
-1	8	10	1236
-1	7	12	3941
13	5	7	173
11	7	13	3254
-7	10	27	1728
-3	11	27	1223
-17	13	8	751
-15	12	7	183
-13	11	8	304
-5	10	8	146
-7	11	9	169
-1	5	21	1932
-3	6	13	3223
-3	10	12	3293
-5	11	10	458
-7	11	10	811
3	3	16	1251
-13	14	13	1860
1	9	10	565
1	4	15	2350
13	2	12	1062
15	5	13	897
7	7	11	3289
-5	11	27	2494
-1	6	13	4718
-1	8	9	249
-7	10	28	511
-3	8	29	1135
17	3	13	1552
17	3	12	2075
5	6	10	724
13	5	19	723
9	5	10	1226
-1	9	32	254
1	8	31	746
-1	9	34	32
7	6	26	3956
-19	15	11	507
-5	12	12	827
7	8	23	878
3	6	9	269
-13	14	17	2576
-15	14	11	1017
-5	10	29	1166
-3	10	28	3543
-11	12	22	3855
-3	6	23	705
-1	6	27	365
1	8	11	1637
-13	14	12	1181
-11	13	11	580
1	6	11	1389
-1	9	28	7398
-5	9	29	747
-9	11	26	660
-1	7	9	237
-3	8	11	1880
7	5	11	1176
15	4	10	2509
13	4	8	145
11	5	9	548
-1	10	30	220
-3	10	30	676
15	4	8	284
-15	14	13	2718
-13	11	18	1701
-13	10	15	1107
7	4	13	4512
3	10	13	3146
9	2	11	32
11	2	11	110
13	1	11	172
11	2	10	132
9	3	11	395
7	6	27	1722
5	3	14	1273
-15	13	15	6151
-1	12	19	2347
7	2	18	1113
9	2	20	1049
1	11	13	1377
3	11	13	670
-5	9	10	853
-1	7	10	529
13	1	17	548
7	8	11	1664
15	4	7	192
17	3	9	1267
19	2	8	548
3	11	16	1231
1	12	16	487
3	11	17	800
-1	5	11	99
-7	13	24	376
-5	13	24	24
-5	12	25	1458
-3	13	12	74
-5	13	12	222
5	2	14	321
3	3	13	344
11	2	16	4186
5	3	20	2526
-3	6	9	36
-7	7	17	1652
-9	8	16	2331
-5	13	20	2470
-5	13	14	1166
7	6	10	1147
-17	14	9	549
-17	13	10	2160
7	4	26	1033
-13	13	10	642
-5	6	16	1742
1	4	21	661
-1	4	15	561
-3	5	12	386
-5	7	10	444
7	2	14	753
1	4	16	2957
-3	7	11	1452
-5	10	11	1987
3	5	27	1306
5	4	26	519
3	5	28	463
5	4	25	1417
13	1	19	159
15	1	17	333
17	0	14	52
-3	8	30	468
-5	9	30	269
-7	13	13	1187
-7	12	11	742
-11	13	22	1564
-5	7	24	416
1	12	14	519
5	10	14	1848
-1	12	15	2456
5	10	13	1406
-1	7	31	184
-9	9	10	1022
-7	9	10	1016
-7	8	11	1588
17	4	10	780
5	4	12	812
3	8	29	1192
-9	10	25	469
13	2	19	854
13	4	10	1119
11	5	7	97
11	4	10	530
-5	13	22	568
7	6	30	80
-9	13	22	2737
-13	10	8	446
-17	12	10	783
-15	11	13	927
7	4	12	1321
-1	5	14	3198
-3	5	14	971
-11	14	12	615
-17	12	11	574
-9	12	12	2035
-15	14	16	2657
-13	14	19	886
-11	14	21	363
-9	13	24	487
-3	13	18	903
1	12	17	368
-1	12	21	676
-3	13	20	293
13	5	10	2144
15	5	8	716
3	11	14	1015
5	9	22	2475
3	10	23	680
3	10	12	1138
3	11	12	354
11	4	23	1401
1	5	24	2723
15	1	14	395
3	3	15	1004
1	8	30	1805
15	5	14	413
1	11	24	106
-1	12	23	33
-3	12	25	185
-1	5	13	1358
-3	6	12	1078
-7	11	28	732
-5	11	30	162
-7	12	27	377
-15	11	9	1137
-17	12	8	611
-7	14	17	676
-9	14	18	2574
-7	14	12	137
-9	14	12	300
-9	14	15	1391
11	5	23	632
9	5	27	243
-3	7	27	846
-5	12	27	201
-5	6	12	673
-5	6	15	2027
9	6	25	460
5	5	11	784
-1	11	11	167
-3	12	12	452
-5	6	19	308
-3	5	17	753
-1	4	18	138
1	10	27	360
11	7	17	640
1	7	31	559
-1	8	33	99
5	5	30	144
3	6	32	102
-5	12	11	479
-7	13	10	50
7	4	11	782
-5	10	10	679
1	6	30	182
11	2	13	937
1	4	23	29
3	3	22	8
9	1	17	231
-7	11	11	1182
11	2	12	569
15	2	13	2652
-9	8	11	1325
5	9	10	399
5	3	13	763
7	2	17	704
7	1	15	76
3	3	18	964
3	6	11	1578
-11	13	23	822
-13	14	20	679
1	8	10	1270
9	3	26	54
-9	12	10	285
-1	4	16	468
-11	9	13	3157
-11	12	10	501
-5	9	9	628
-3	11	28	448
7	3	23	1060
7	3	24	391
5	4	27	211
9	2	17	1839
-1	8	31	783
-3	8	31	178
-1	7	32	50
1	7	32	245
-15	11	11	1512
-9	14	11	45
-11	15	11	59
-13	15	11	206
-11	15	16	161
-7	8	10	753
-7	9	9	576
-17	14	12	2455
7	4	9	134
5	4	11	474
-7	10	10	1160
15	2	17	816
11	3	10	319
-3	5	13	608
-1	4	12	99
-9	13	23	1438
-3	13	15	1024
-5	14	14	288
5	5	29	439
3	6	30	693
-1	11	13	2329
3	11	18	407
-3	11	11	576
-1	10	10	367
9	8	17	1355
-1	6	11	1180
-17	15	9	176
-19	15	7	80
-5	10	31	199
9	2	18	2577
-11	12	24	523
5	7	9	637
7	6	6	26
-15	14	18	722
-17	15	15	333
-13	12	20	1557
-9	8	10	569
-9	14	13	394
-13	15	13	664
7	5	10	775
-3	7	10	600
17	4	5	53
17	4	8	659
-15	15	17	344
7	9	18	895
9	6	9	540
11	6	9	599
3	4	13	1531
3	4	12	438
1	5	11	150
-1	5	22	838
-9	8	19	316
-11	9	18	313
5	10	18	773
-9	12	25	1461
9	2	19	1267
-5	13	23	168
1	6	28	1661
7	6	8	160
-13	10	16	438
-11	9	19	86
11	1	13	379
15	3	8	206
-13	10	17	140
11	2	19	1613
13	6	16	409
-5	7	23	1167
-1	9	10	666
-5	6	11	424
13	5	18	1694
-19	13	8	382
1	10	9	100
1	3	17	68
15	4	16	1405
-13	14	10	168
-1	7	30	455
5	8	29	73
7	8	25	79
9	7	24	46
11	6	21	493
9	8	10	604
-3	7	9	128
3	9	28	259
5	10	11	341
9	3	10	160
-1	12	14	1456
3	3	14	524
11	5	8	239
17	3	11	2442
-7	13	23	1040
-9	14	22	157
-7	14	20	319
-5	14	16	429
19	1	8	144
1	3	15	212
-13	11	7	173
-11	10	8	286
1	8	32	329
-1	9	33	92
-19	13	7	290
-17	12	7	437
-7	8	23	917
9	7	8	72
-9	14	20	1057
-7	14	18	1149
-3	13	13	327
-7	7	10	314
9	5	9	379
-1	8	8	139
13	6	8	419
19	3	7	310
-5	7	11	858
11	1	18	149
9	2	21	392
3	4	25	160
1	5	26	355
-1	6	28	136
17	4	6	160
-11	9	17	728
-15	11	8	703
-5	12	26	509
-19	13	6	265
3	8	33	30
-11	9	7	37
-13	10	6	23
-11	14	11	112
5	7	29	694
3	8	30	483
-17	16	10	79
3	3	20	285
5	10	16	1804
15	1	12	278
13	1	14	247
17	1	10	255
-9	13	26	42
5	7	30	287
-13	10	9	864
-5	11	31	44
-3	10	34	9
11	4	9	324
9	4	9	243
7	7	9	586
5	2	19	67
7	1	17	21
1	11	12	839
7	9	10	273
-7	7	20	151
19	3	8	395
17	4	11	567
3	9	10	648
-1	13	16	206
-15	11	7	267
-11	11	9	529
1	4	13	756
7	4	27	390
9	8	18	627
-11	14	22	228
17	4	9	994
-11	13	10	317
-15	15	11	375
9	2	13	369
7	2	13	138
7	2	15	765
-13	12	10	1234
-7	14	19	581
-9	14	21	306
-19	15	10	236
1	6	10	411
-1	7	8	118
-7	13	11	220
-9	13	11	362
-15	13	8	230
3	4	11	253
5	7	8	122
-1	4	14	461
-5	9	31	56
-1	4	13	252
-7	8	25	74
-1	9	9	317
-3	13	16	1301
-11	10	9	630
-11	14	10	117
-1	11	26	385
-15	15	16	189
-17	15	12	325
-15	15	14	415
7	7	27	226
11	3	9	92
13	6	17	126
11	7	18	259
-1	12	12	242
-5	10	30	514
-1	8	32	295
-3	6	11	652
-5	10	9	288
-3	9	7	83
-5	9	5	16
-7	10	7	58
-5	9	8	131
-3	8	9	237
-9	11	9	339
-11	12	7	118
-13	13	8	110
11	7	8	116
-3	6	24	267
-1	5	23	351
-3	7	29	39
-3	7	28	232
-7	9	27	219
11	1	16	171
13	0	14	55
15	0	12	67
-15	12	5	27
-9	9	7	49
-11	10	6	32
3	5	11	552
13	2	10	181
3	8	31	183
3	9	30	21
-3	13	21	60
-1	12	22	227
1	11	23	388
5	10	19	306
3	11	19	186
-11	11	7	73
-9	10	6	32
13	3	9	174
11	3	11	566
-13	12	5	34
-15	13	7	51
11	4	7	68
-3	11	10	371
-11	15	18	107
-13	15	16	288
-9	15	17	234
-5	14	17	237
-11	15	13	369
-9	15	13	220
-9	12	27	132
-11	13	24	202
-13	14	21	119
7	8	24	227
5	9	25	79
-15	15	10	37
-17	13	7	116
3	6	10	502
-11	15	15	545
15	2	10	370
17	2	8	110
3	3	19	517
-21	15	7	287
-15	14	8	76
-3	10	31	274
7	2	20	304
11	1	19	155
-3	10	10	528
-9	10	8	298
-17	16	14	63
-9	9	8	60
-3	6	10	46
1	12	15	643
5	6	8	130
19	1	11	528
-19	13	4	38
-7	15	16	21
-5	14	15	295
13	1	18	139
-9	8	18	611
7	7	8	63
9	6	6	34
11	5	6	50
-19	14	7	300
-3	11	8	54
-11	15	12	40
-5	14	19	79
-7	11	8	112
-9	11	8	122
1	3	13	117
15	5	15	192
17	4	12	331
-3	10	9	257
-5	11	8	99
7	9	19	371
9	8	20	72
9	8	19	284
5	3	11	49
1	4	11	92
3	3	12	57
-5	12	28	44
-7	13	25	126
3	5	10	417
1	5	10	188
1	8	9	233
1	9	8	107
3	11	20	36
5	10	21	47
7	9	20	150
3	11	11	66
-7	14	21	79
-1	10	7	28
-5	12	9	75
-3	12	11	254
15	5	7	255
5	5	8	104
7	5	6	15
7	2	12	144
1	9	33	15
13	3	20	1449
-17	15	10	185
3	5	29	140
5	6	9	298
-7	10	29	125
11	7	9	556
-9	10	26	169
-11	10	22	184
5	8	9	233
-7	12	29	43
7	5	29	228
1	4	22	240
3	10	9	39
19	0	10	102
9	7	23	281
-9	10	7	44
1	12	12	119
9	3	24	511
-7	14	13	130
-1	13	17	61
21	0	8	71
19	0	12	51
-1	10	29	559
3	8	9	204
-1	5	24	82
17	3	7	102
-5	14	18	147
7	5	8	118
9	5	8	137
-11	15	17	470
-3	14	15	77
-13	10	18	61
-9	9	23	279
3	7	9	306
-15	15	12	255
-11	13	9	103
-3	11	29	169
11	3	24	181
13	2	21	139
17	1	14	162
7	7	7	109
3	8	8	142
9	3	25	203
1	11	11	91
-13	15	12	114
-1	13	13	129
-7	8	24	214
5	3	12	176
-1	9	8	77
-11	15	19	139
1	9	31	157
-19	16	8	56
-13	15	14	256
-9	13	25	215
1	10	28	128
9	4	28	48
11	3	25	75
9	3	27	20
7	4	29	42
-9	13	10	153
7	4	28	127
11	2	21	380
9	1	18	80
7	5	9	171
9	5	7	9
-9	12	26	534
-7	10	30	46
-9	11	27	214
-7	11	30	49
-5	7	25	68
-7	8	26	20
-3	6	25	95
5	5	31	61
7	9	22	19
9	8	21	32
-21	14	6	164
5	9	24	385
1	12	18	136
-5	6	20	97
-3	5	19	179
-17	12	6	154
-11	13	25	83
-7	12	26	934
-3	10	33	23
-11	15	14	160
-1	9	7	42
1	9	9	228
1	6	9	192
-17	13	6	36
11	2	25	12
1	5	28	13
-5	8	8	153
-7	10	9	367
-1	12	11	105
3	2	14	87
-7	12	10	111
21	2	5	127
15	3	9	355
17	1	12	339
-7	8	8	59
19	3	9	336
9	7	25	23
21	2	6	176
11	3	8	36
15	1	9	29
-17	12	5	48
-21	14	3	22
-3	12	26	26
-3	8	33	18
-5	9	33	13
-7	9	29	25
17	1	15	292
-15	16	10	31
-1	10	31	73
-1	11	27	97
-13	12	7	83
13	0	12	61
5	3	23	146
11	7	19	78
-5	14	13	58
-9	15	14	100
-5	11	29	434
-7	9	7	88
-5	14	12	41
17	3	4	14
7	4	10	121
-9	12	28	40
-15	12	6	33
-17	13	4	28
9	8	9	199
-19	15	8	123
1	12	13	252
-17	14	7	41
-15	13	6	51
-7	15	14	43
5	6	32	59
3	6	35	12
5	5	33	10
7	4	30	14
5	4	28	50
1	5	27	112
-1	6	29	40
-3	7	31	13
-3	6	26	13
5	8	8	101
1	8	8	136
5	2	13	50
-9	8	8	26
-5	7	9	73
-5	11	32	17
-3	14	14	77
1	3	16	187
-7	9	8	73
-3	8	7	21
-19	16	12	59
1	7	33	118
3	7	7	98
-7	11	29	249
-17	16	16	17
-23	16	4	45
5	10	20	133
3	10	24	293
-5	15	14	13
-1	13	14	163
17	0	10	77
-13	14	22	79
-7	15	17	20
-9	16	16	3
-11	16	16	23
-13	16	16	42
-5	10	32	36
5	4	10	97
1	7	8	81
-5	11	9	35
-13	14	11	347
-7	15	13	66
-3	9	32	176
11	7	21	15
-1	13	11	6
13	0	16	47
15	0	14	100
1	10	29	34
3	10	25	98
3	9	31	3
-1	13	15	227
3	7	8	76
5	2	18	124
-13	16	14	55
5	5	9	36
-3	9	8	84
-3	8	32	60
5	8	28	178
5	2	15	263
1	9	32	44
-1	4	11	34
13	6	18	61
-1	10	9	222
-7	11	31	24
-1	11	10	190
13	6	7	57
-5	13	11	53
9	1	14	78
11	1	14	145
-11	11	6	54
-1	13	12	26
-9	14	23	38
-13	15	19	125
-7	12	28	112
1	10	10	131
-17	15	14	169
3	7	32	178
-13	14	9	22
-15	16	14	98
9	1	19	31
11	1	21	14
3	2	15	52
15	4	6	41
19	3	5	105
9	2	23	34
7	8	26	22
1	12	19	21
9	4	10	267
3	6	8	43
1	9	7	43
-5	7	26	29
-3	11	30	43
-1	10	32	21
3	4	26	19
1	4	12	205
5	6	7	52
-9	9	24	50
1	3	14	145
3	2	13	18
13	1	12	136
-9	15	16	52
-9	9	25	27
-3	9	33	76
-3	11	9	45
-1	7	7	31
1	7	7	42
-7	9	28	47
-5	8	29	66
11	1	20	21
-7	15	15	67
-15	16	16	28
-13	15	18	113
3	7	33	75
9	8	8	46
-9	15	18	61
1	8	33	97
-17	14	8	109
19	2	6	62
21	1	5	50
-3	13	22	2
-5	14	20	8
-7	15	18	5
-11	9	8	78
-1	6	9	87
-13	16	12	51
-5	6	10	33
21	0	6	48
7	9	21	25
7	6	7	60
19	0	8	75
1	11	10	60
3	11	10	29
3	10	10	65
13	4	7	74
-13	10	7	52
21	1	6	112
-3	9	34	30
9	6	8	302
-15	15	9	47
-3	5	11	59
11	1	12	33
-3	5	20	42
-5	15	13	31
-9	14	10	39
15	2	8	67
3	9	29	49
7	3	25	121
11	7	20	19
-23	15	3	45
-9	15	19	25
-21	14	5	119
-19	13	5	85
5	9	9	73
-7	10	6	37
19	2	5	30
19	1	7	70
-3	10	7	27
-17	14	6	32
9	4	27	131
17	0	12	122
-5	12	10	78
-11	14	24	24
-13	15	21	5
11	2	24	21
13	1	21	7
15	1	19	49
7	5	30	61
-9	13	27	24
-21	15	6	121
-9	12	7	30
7	1	13	71
-21	14	4	44
-1	6	10	113
5	4	29	6
-1	7	33	14
13	3	7	7
9	4	7	29
23	1	3	53
5	2	12	46
15	1	18	35
-11	16	12	31
25	0	0	7
1	6	7	17
7	8	8	71
1	7	34	31
-11	16	14	20
3	5	8	44
13	0	10	15
15	1	16	166
1	6	8	20
11	7	7	33
-9	16	12	11
-1	8	6	23
11	0	16	24
7	1	18	9
1	8	34	41
-9	11	7	9
-7	10	8	162
-15	11	6	38
13	6	6	22
1	12	11	37
-1	8	36	3
13	5	6	25
9	7	7	56
-5	6	21	33
-7	7	22	9
-7	8	28	2
-1	8	34	28
-5	10	7	47
-3	7	30	21
-5	8	32	4
15	4	5	25
21	2	3	27
3	2	12	15
11	4	8	45
-1	4	19	24
-3	10	32	106
9	5	6	44
13	3	8	119
-11	14	23	29
1	6	32	29
-7	7	9	27
5	9	27	11
9	2	10	42
17	2	7	53
21	2	4	49
7	2	22	5
5	3	24	25
-7	13	9	9
5	7	5	12
-5	7	8	19
7	7	28	42
7	3	26	19
-19	14	5	33
-15	15	18	36
15	3	6	49
-21	15	5	48
-1	5	10	70
7	9	9	37
7	1	14	23
-9	8	21	16
1	3	12	26
-11	13	8	32
15	5	6	30
-5	10	34	6
5	4	9	67
17	2	6	30
15	3	7	40
5	7	7	48
1	9	34	15
-9	16	14	5
11	6	6	24
-1	7	34	6
1	8	35	15
15	0	10	42
-3	14	12	16
15	0	16	41
-9	8	20	80
-3	7	8	24
-3	13	11	21
3	5	31	7
3	8	36	1
11	6	7	24
-5	6	9	21
9	1	16	40
3	6	7	32
-13	14	8	25
5	2	20	6
3	7	34	38
-5	9	7	41
-9	13	9	23
-3	5	10	27
-7	12	30	19
1	11	25	2
3	10	26	8
11	2	23	24
13	2	8	31
15	1	10	28
-1	10	8	25
-1	5	25	4
-1	8	37	3
1	7	38	2
-11	9	21	9
3	5	30	39
-3	8	6	24
7	5	31	21
5	6	34	9
-13	16	10	8
1	6	31	71
13	4	5	35
-7	13	26	24
9	6	7	49
-9	12	8	12
-7	11	6	13
23	1	2	9
-3	10	8	43
-5	7	27	8
-13	11	6	34
5	1	13	17
-5	6	22	8
-11	12	8	37
-21	16	6	43
1	9	35	1
5	10	9	19
7	3	9	10
-5	11	33	11
-9	11	6	44
3	8	7	33
11	0	12	38
5	5	32	16
-1	9	36	4
9	3	9	26
13	2	9	23
-1	11	28	13
-5	8	30	8
5	9	26	28
3	5	9	20
3	9	8	15
5	9	8	10
-7	16	12	3
1	7	37	3
5	1	14	7
5	10	10	31
-1	9	35	8
7	1	16	22
-5	12	29	7
-7	13	27	4
-7	12	31	9
-9	13	28	19
17	0	16	15
-9	8	22	9
3	8	6	30
-7	7	21	25
5	8	30	12
-11	15	20	18
3	6	33	23
15	5	5	12
-15	15	19	41
3	3	11	15
5	7	32	12
1	12	20	1
-1	13	18	4
-3	14	16	13
-13	13	7	12
1	8	6	23
3	6	34	14
9	4	8	19
7	3	10	45
-17	16	8	15
-23	15	2	15
-11	10	7	20
7	4	31	7
5	10	22	3
9	2	24	4
15	0	20	2
13	0	18	9
-11	9	20	9
-11	14	25	11
-3	14	13	11
-5	9	32	10
-3	8	34	1
-3	11	31	12
17	0	8	14
13	1	23	5
1	7	35	10
-11	15	21	11
5	6	33	10
9	0	14	9
-7	7	8	12
13	1	22	3
9	3	28	18
3	8	34	1
7	0	12	2
-1	8	35	13
3	7	37	1
-3	10	35	3
-25	16	0	5
-15	11	5	14
-13	15	23	3
-13	15	22	1
-5	10	33	7
-3	9	36	2
3	11	21	2
7	9	8	13
11	2	26	2
3	7	36	1
-3	8	36	2
1	3	18	4
11	0	14	8
-9	14	24	8
3	2	16	6
1	6	33	6
-7	14	22	5
1	3	11	6
9	8	22	5
-3	5	21	4
1	7	36	3
3	7	35	2
-1	7	35	1
9	0	12	6
1	8	37	2
1	10	30	3
9	0	16	3
-1	9	37	1
-1	10	33	3
3	6	36	2
-7	7	23	3
-3	10	36	3
-15	16	20	1
-13	16	18	4
-11	14	26	3
-9	13	29	2
-5	11	34	2
1	4	24	2
-3	9	37	1
-1	4	20	2
7	8	28	2
9	3	29	1
