23	0	4	41
21	1	7	281
19	2	10	989
17	2	12	2471
15	3	15	6033
13	4	18	7762
11	4	18	27728
9	5	19	56940
7	5	21	61550
5	6	20	132807
3	6	20	127796
5	5	21	65398
9	4	20	30328
7	4	20	33138
5	5	20	78219
7	5	18	79139
5	6	18	110915
3	7	21	170497
1	8	22	164511
3	8	22	101789
5	7	19	131879
7	6	18	96251
5	7	18	115978
3	7	16	63915
1	7	16	59340
3	6	16	47220
5	5	17	48230
7	5	17	59653
7	4	18	34438
9	3	16	10465
11	2	15	2378
9	2	15	1391
7	3	16	6404
5	4	15	9340
3	5	17	33632
1	6	16	36304
3	6	14	15271
5	6	14	18931
-1	7	19	119662
1	6	17	57123
-1	7	18	99119
5	7	14	21100
3	7	14	19788
5	6	11	2061
7	6	11	2509
5	7	12	4921
3	8	12	5829
5	8	12	5122
7	8	12	4157
5	9	13	4984
3	9	17	49097
5	8	16	47323
7	7	16	49537
7	7	19	63304
5	7	17	94014
3	7	19	167823
1	7	21	169810
3	6	22	99680
1	7	23	111878
-1	7	21	114782
5	5	23	34002
7	5	23	28329
5	6	22	93988
3	7	23	107850
1	8	24	88458
-1	8	24	88298
-1	8	26	32663
-3	9	27	13323
-1	8	27	17380
-3	9	25	45205
-5	9	21	110520
-3	8	20	141103
-5	8	18	70119
-3	8	16	63136
-5	9	17	94920
-3	8	18	119212
1	7	19	161902
3	6	18	99657
1	7	20	174458
-1	8	21	186619
-3	9	22	142067
-5	10	23	69156
-1	9	27	14942
-3	9	24	74281
-3	8	21	125212
-1	7	20	122432
1	7	22	144459
3	7	22	142848
-1	9	22	143809
1	9	22	91718
-1	9	24	77498
1	8	23	126230
1	8	21	185919
3	8	19	134809
1	9	19	120494
3	8	20	141211
1	9	23	67341
-1	10	22	64034
1	9	20	122553
3	9	18	57312
5	9	16	17224
7	8	16	22472
7	8	15	17801
9	8	13	2997
11	7	11	2115
13	6	11	2258
15	5	10	1620
13	6	9	818
15	5	11	1591
13	6	13	2426
15	5	12	1594
13	6	15	1122
11	7	16	1607
13	6	14	1662
11	6	18	7668
9	7	19	9849
5	7	21	110450
5	8	19	68709
-1	9	20	174404
-1	8	23	125560
3	6	19	123095
3	5	16	26145
5	4	16	13015
5	4	20	21980
7	3	17	8523
9	3	19	12888
7	4	22	17178
9	3	21	6150
7	4	24	5167
5	5	26	5829
3	6	23	73963
1	7	24	77179
5	5	19	73570
9	3	15	7298
7	4	16	20002
1	5	17	19527
-1	6	17	34080
-3	7	16	35195
-5	8	15	29071
-7	9	16	49393
-5	9	16	62566
-3	8	17	87190
-5	9	18	116296
-7	10	17	82874
-3	9	18	136841
-1	8	17	99660
-3	9	17	103083
-5	10	15	35125
-7	11	16	46376
-9	11	16	49217
-7	11	20	79323
-5	10	20	132712
-3	10	20	128029
-1	9	19	161413
1	8	20	196949
1	8	18	147001
-1	8	14	23585
3	8	16	63105
5	7	16	62375
3	8	15	34619
1	9	18	99855
9	6	15	35583
11	5	15	27845
7	5	19	80188
5	6	26	13017
3	6	24	47954
5	6	24	42552
5	6	23	68999
3	7	24	73639
3	7	26	25321
1	7	26	28102
3	6	25	29971
-3	10	21	122889
-5	11	19	74597
-7	11	19	80980
-5	10	18	111808
-7	11	21	62121
-9	12	20	30918
-7	11	23	28781
-9	12	21	21097
-7	11	22	45407
-5	10	25	25292
-3	10	25	29766
1	8	25	55525
3	8	21	125476
3	8	18	120106
7	6	20	90632
5	6	16	57098
1	7	17	95224
-1	8	20	196824
-3	8	22	102321
-1	7	23	67334
-5	9	25	19063
-7	9	21	35861
-3	7	15	23379
-1	7	15	30926
-9	11	14	21013
-11	12	15	24116
-13	13	14	10056
-11	12	16	28881
-13	12	12	5838
-11	11	11	3340
-9	10	14	23037
-7	10	18	96323
-5	9	19	131156
-5	9	13	13235
-5	8	12	5063
-3	8	12	5833
-1	8	12	5793
1	7	9	316
3	7	11	2803
5	7	13	13402
7	6	12	5985
9	6	12	7530
7	7	14	20604
7	7	15	37007
9	7	11	3005
3	8	17	86442
1	8	17	99779
-1	9	16	59360
1	9	16	49328
-3	10	17	75496
-3	10	19	122343
-5	11	20	78221
-7	11	18	78798
-5	10	17	86039
-3	10	23	74757
-1	10	23	45148
1	9	26	13397
3	8	25	27072
5	7	25	19184
3	8	26	14021
5	8	26	1733
7	6	24	17242
5	7	24	35740
3	8	23	71979
-5	9	20	128396
-11	12	17	33170
-3	9	14	20349
-1	9	14	18727
1	9	12	3906
-1	10	13	6596
-3	11	14	9001
1	10	15	17114
3	10	15	8891
5	9	15	13548
5	8	20	61976
1	10	19	43495
-1	11	18	24583
-3	11	20	53683
-7	12	23	10000
-5	11	24	21128
-1	10	25	16071
1	9	25	25498
3	9	23	18732
5	9	21	5457
3	10	20	6941
1	10	22	22175
-1	10	18	72266
1	10	18	40836
3	10	16	11494
3	9	11	1439
5	8	13	8832
3	8	13	9534
3	8	10	1220
1	8	12	5838
3	7	12	4375
5	6	13	10021
1	8	14	23877
-1	9	15	37512
-3	9	15	40718
-1	8	16	69710
-1	8	18	147865
-3	9	20	178384
-1	9	23	112049
3	7	17	102967
-1	8	22	164607
-3	9	23	108323
-5	9	23	57582
-1	8	19	175381
1	8	19	174937
-3	8	23	72078
-1	7	24	43002
-5	9	22	83861
-3	8	24	46900
-7	10	19	102457
-9	11	20	48007
-11	12	18	27813
-13	13	17	10898
-15	13	17	1982
-17	13	13	1594
-19	13	9	282
-17	12	12	315
-15	11	14	401
-13	10	14	1748
-11	9	14	2975
-13	10	11	2266
-11	9	12	2745
-9	9	16	21649
-7	8	17	22158
-5	7	17	19827
-3	6	18	13290
-3	7	19	61447
-1	6	18	41065
-5	8	21	46194
-7	9	20	51108
5	6	19	133014
9	4	22	13610
7	5	22	45478
9	4	21	21182
11	4	17	33406
9	5	20	48300
11	5	18	27187
9	6	19	43102
7	6	19	102381
9	6	17	53416
7	7	18	67433
1	9	24	42892
3	9	22	30028
5	8	21	46617
5	8	17	59087
3	9	15	23728
1	10	16	24095
3	9	19	61651
5	8	18	69957
-1	10	19	87307
-3	11	18	47098
-1	10	20	89546
1	10	17	34361
7	7	17	62909
9	6	16	45878
5	8	15	28846
7	7	13	12627
11	6	11	3180
9	6	13	12987
7	6	13	11480
5	6	17	86930
3	6	15	30167
5	5	18	68577
7	4	21	25693
5	5	24	20811
7	5	26	3870
5	6	27	6626
3	7	25	45270
1	7	25	48506
1	6	24	28518
7	6	22	49787
5	7	23	57720
3	8	24	46720
1	9	21	114060
-1	9	26	28168
-3	10	26	16269
1	10	24	6721
5	9	17	19488
7	9	13	2364
9	8	14	3302
7	8	17	22057
9	6	18	50593
5	5	15	19157
1	5	15	8388
3	5	19	50990
1	6	18	72220
3	5	21	43680
1	5	21	16798
-1	6	20	39789
1	5	19	25028
-3	7	21	44645
-9	10	19	42795
-5	9	24	35706
-1	8	25	55820
-3	8	25	26983
-1	7	22	91873
1	6	21	81826
-3	9	19	168228
-5	11	22	52442
-7	12	21	25540
-9	12	19	38300
-5	10	22	94458
-1	9	21	170628
3	7	20	178827
5	7	20	128048
11	5	12	7473
9	5	16	49667
7	5	20	78990
7	6	16	59022
9	6	10	1399
9	7	13	10907
11	6	10	1975
15	4	14	4414
11	5	17	31891
7	7	21	35673
-1	10	24	28507
-3	10	22	99912
-5	11	17	48543
-7	12	20	33397
-9	13	19	12835
-7	12	22	17335
-9	12	22	13412
-11	13	19	11418
-9	13	17	13425
-7	12	18	34591
-9	13	15	7398
-11	13	17	15710
-7	11	17	60035
-5	10	19	132787
-1	10	17	57192
3	9	20	55419
7	8	13	7185
11	6	12	7171
9	6	14	23051
7	8	14	13486
-3	10	15	29870
-9	11	17	57387
-3	8	19	135075
-3	9	21	170718
5	6	25	25019
3	7	28	6896
1	7	28	7248
3	6	27	7999
-1	7	28	2942
1	6	27	3796
5	5	25	11515
9	4	24	3378
11	4	22	3853
7	5	27	1730
5	6	30	461
7	6	28	537
5	7	28	1775
3	8	27	6956
5	7	27	4368
7	7	23	11766
9	6	24	1736
7	7	25	2324
3	9	21	44730
5	9	12	2420
7	9	17	1649
5	8	22	30994
1	9	17	76223
-1	9	17	95399
-3	9	13	11852
-5	10	16	57013
-5	9	11	2800
-7	10	11	2577
-9	11	12	5359
-9	11	18	64838
-13	13	16	11614
-15	13	14	6489
-13	12	14	14808
-11	11	15	27734
-13	11	13	10037
-11	10	15	17520
-9	9	18	15433
-13	11	14	11571
-9	10	17	53356
-5	8	17	58628
-5	9	15	41216
3	5	18	46899
1	6	20	89592
3	4	16	7340
-1	6	15	16773
-3	6	17	13427
7	6	21	73203
5	7	22	83661
5	5	22	51972
3	6	21	121927
7	4	19	37943
9	3	18	12806
11	3	16	14006
9	4	17	38521
1	7	15	37284
3	7	15	41504
-1	9	18	127556
-1	10	15	23675
-5	11	18	67907
-1	7	17	76736
-1	6	19	43252
5	4	17	19612
7	3	18	8511
7	4	17	30580
9	5	14	21148
5	7	15	41342
-5	9	14	21301
-1	7	16	49642
-5	7	12	2496
-3	7	12	3329
-5	8	9	249
1	6	15	24056
3	4	18	11359
-3	7	17	49108
-7	9	17	62104
-5	8	16	46905
-7	8	14	13215
-9	8	12	2474
-9	9	13	10766
-9	10	15	35461
-9	11	19	57262
-7	10	20	89807
3	7	30	1289
1	7	30	1506
3	6	29	1721
1	8	27	17369
-1	9	25	48415
1	8	26	33016
7	6	23	32340
7	5	24	16575
3	8	14	22134
-1	11	16	16198
-3	12	17	10421
-5	12	19	25550
-7	13	18	8539
-5	12	21	17442
-9	13	20	8655
-7	13	20	6281
-9	14	17	1824
-11	14	17	2806
-3	12	19	11596
-3	11	22	33551
1	10	20	39747
-1	11	19	24739
-3	11	19	51141
-1	10	21	82062
-5	12	18	23175
-3	10	18	99464
-3	9	16	63601
1	8	16	71020
-5	10	21	120998
-9	11	22	19222
-7	11	24	16729
-5	10	27	6629
-3	9	28	6718
-5	9	26	9807
-3	8	27	7001
-1	7	26	13440
-3	9	26	25633
-1	6	23	12545
1	5	22	11172
-1	6	24	6628
3	5	20	53112
5	4	19	25603
5	3	17	4405
3	5	15	13398
1	6	19	86491
-3	7	18	57491
1	6	14	11333
-1	6	14	8154
3	6	17	75619
3	7	18	135580
-5	10	24	42705
-9	12	18	39813
-5	11	21	65376
-3	11	23	21538
5	6	21	121093
9	5	22	19006
7	6	25	8494
5	7	26	9952
3	5	13	3147
5	4	13	2647
7	4	15	14313
9	4	11	1385
7	5	14	16659
7	6	15	39124
5	8	14	19367
5	6	12	4608
9	7	12	5007
5	7	10	803
7	6	9	379
1	7	27	14760
-7	9	18	67281
-3	11	17	33936
7	7	20	51125
-3	10	16	47245
-5	11	16	36891
9	7	16	21627
11	7	12	2795
9	8	15	3006
11	7	15	2205
7	9	15	2715
5	10	17	1441
9	8	12	2486
9	7	15	20455
-7	10	16	59340
-7	10	22	49711
-5	8	20	61100
-7	9	19	62993
-9	10	18	49960
3	10	18	13612
1	11	19	6193
-1	11	23	6035
-3	12	21	6518
7	4	14	6435
9	4	19	38032
9	4	23	6672
9	5	21	31080
11	4	19	21259
13	3	19	4172
9	6	20	29408
11	5	14	21722
7	6	17	83096
9	4	18	39663
9	5	17	57391
13	4	17	12050
1	6	22	63800
1	6	23	45063
-5	8	14	19224
-7	9	15	36913
-7	9	12	5336
-5	7	16	17197
-7	8	15	17538
-7	8	21	4729
-5	7	21	5357
-7	8	18	19410
-5	7	19	14450
-3	6	19	10704
3	5	22	33627
5	4	22	11548
1	5	20	22773
-1	11	21	16944
1	10	14	8371
-1	10	16	36110
-1	11	17	19545
-3	11	15	13599
1	7	18	127542
-3	8	15	35069
-7	10	12	5750
-5	10	14	18645
-3	8	8	196
-5	8	10	1025
-7	9	13	12706
-11	10	12	7318
-13	10	10	1626
-13	11	11	4426
-15	12	10	2432
-15	13	13	6631
-13	12	16	15534
-15	12	12	5333
-13	11	15	9393
-11	10	17	12344
-7	10	15	38604
-9	10	13	13221
-7	10	13	11371
1	6	25	16089
-3	7	24	9668
-5	7	22	2564
-3	7	22	29741
-5	8	22	30982
-3	6	20	7178
-1	5	19	6040
3	4	22	3554
13	4	16	15344
3	5	23	21664
7	5	16	46890
11	5	19	17324
9	4	14	9595
9	3	17	13386
11	3	15	10689
13	3	13	5610
5	5	16	37708
1	8	15	36866
1	9	15	31189
-3	10	13	8074
-5	11	14	12289
3	9	24	9881
5	8	27	711
7	7	26	852
9	7	22	1011
7	7	24	5657
5	8	25	4228
-1	9	13	10455
-3	10	14	15401
-1	10	12	2550
1	9	11	1903
-1	11	24	2767
1	10	21	32324
9	6	22	9525
5	8	23	18049
-1	7	13	8766
5	3	15	2365
7	3	15	4468
13	2	13	1779
11	3	12	1850
13	3	10	629
-7	12	16	20135
1	7	11	2220
3	6	12	3292
-1	8	15	37064
-7	12	17	30339
-9	12	15	19989
-11	12	13	9397
-9	11	10	1280
-7	11	12	4320
-9	12	13	6472
-9	12	9	229
-7	12	9	142
-5	11	11	811
-3	11	13	3343
-5	11	13	4684
-7	12	14	6473
-9	13	12	988
-7	13	12	526
-9	13	14	4304
-7	13	16	6380
-5	13	16	3287
-7	14	15	764
-5	13	17	4239
-7	13	19	8772
-5	12	20	22356
11	3	19	11501
9	5	15	30703
9	5	18	64580
9	7	20	5708
11	6	16	15413
13	5	15	9316
1	9	27	6524
-5	11	15	18888
3	9	16	35712
1	7	29	3458
3	6	28	3637
5	5	27	2468
3	5	25	6448
5	3	19	3788
9	2	16	2793
7	3	19	8963
5	4	18	22890
11	4	15	24412
9	4	15	20074
5	6	15	35289
-7	10	21	72701
-11	12	20	14706
7	8	20	8942
9	7	17	19750
5	9	14	8911
3	9	14	13219
3	9	13	6930
-1	12	17	3863
-1	11	20	23405
-5	12	17	19904
-1	11	15	8648
-3	12	16	7382
-7	13	17	8781
-3	11	21	43463
11	3	17	15497
13	3	16	11309
15	3	14	6370
3	7	27	13328
-1	8	28	8668
9	4	26	565
11	4	24	540
9	5	26	630
7	5	28	716
9	4	25	1411
7	4	25	2369
-7	10	23	32866
-11	11	18	26974
-13	12	17	11787
-11	11	20	10617
-11	13	18	13008
-11	12	19	21381
-13	12	15	18028
-15	13	12	5389
-9	9	15	20050
-7	8	16	22384
-11	10	16	15704
-9	9	17	19679
1	8	13	9449
3	8	11	1794
1	9	14	16577
-1	10	11	1394
1	10	11	1109
-5	8	24	9556
-7	8	22	2162
-9	10	16	45898
-11	11	13	12186
-11	11	12	7611
-13	12	13	11994
11	5	20	10737
11	6	17	12229
13	5	17	3879
11	6	22	225
9	6	26	164
7	7	29	28
1	9	28	2893
-5	10	28	2887
-7	11	26	3837
-5	11	28	1033
-3	11	26	2974
-1	10	28	1657
-7	11	15	25002
-11	11	16	34694
-3	10	27	7903
-3	11	16	26240
3	10	19	10949
5	10	15	2045
7	9	14	2639
3	10	17	13420
1	11	15	4420
-3	10	24	48118
-5	11	23	34467
-3	11	25	6511
-1	10	26	7975
-3	11	24	12763
1	9	13	8871
1	7	14	18690
-1	9	11	2275
-7	9	14	20455
-3	6	22	1998
-9	11	13	9927
-9	11	15	30535
-7	9	22	22094
-9	10	22	9532
-7	9	25	2407
-5	8	25	4214
-3	7	26	1864
7	8	19	13916
5	9	20	9683
-1	8	30	1789
1	8	28	8749
-1	9	31	591
-3	10	29	1646
-1	6	25	2965
1	5	23	6007
-1	6	22	21909
3	4	21	6539
3	6	26	15971
-7	11	14	16123
-9	12	16	26861
-17	14	10	1217
-5	12	13	2630
5	3	16	3254
7	3	20	6269
9	3	20	8588
11	3	20	5943
13	3	18	6052
15	2	15	2344
13	3	14	9931
11	4	13	9511
13	4	13	11869
11	5	16	34917
7	5	15	25403
11	4	14	13568
7	6	14	22366
3	7	13	11995
9	7	14	15642
13	4	9	834
11	4	11	2404
15	3	10	1497
13	4	12	5754
11	4	16	28398
13	3	15	11659
15	3	13	6485
13	4	14	14639
9	4	16	27035
11	2	18	3600
13	1	16	295
11	2	17	2786
-3	7	20	54984
7	8	18	19424
5	9	19	14292
1	10	13	4736
3	9	12	3177
-3	6	21	4053
-3	7	23	18633
-3	7	25	4711
-5	8	28	157
-5	8	23	17878
-3	12	15	5440
-1	12	13	721
-3	12	13	1530
-5	13	13	772
-7	14	14	762
-9	14	14	1382
-7	13	14	2438
-5	12	14	4265
9	7	21	2424
-3	9	29	2949
-1	8	29	4205
-9	10	20	29413
-5	7	15	13406
-7	8	12	4178
-9	9	9	486
-1	8	11	1568
1	7	10	645
3	7	10	742
-7	12	19	37429
-9	12	17	37822
-11	13	15	10588
-9	13	13	2008
-7	12	15	14221
-11	11	19	17454
-17	13	11	2395
-19	14	10	953
-15	12	11	4833
-13	11	10	2313
-11	10	11	3145
-11	11	8	281
-9	10	11	2881
-9	13	16	10295
11	3	18	13054
13	2	15	3300
11	5	21	5290
7	7	12	5181
9	7	10	1010
1	11	21	1911
-1	11	25	1099
1	10	23	12580
-9	12	14	9649
-11	13	16	13981
-13	13	15	11867
-11	12	14	13940
-5	7	18	17775
-9	10	21	18862
-5	11	25	11286
-11	11	17	31583
-9	11	21	31024
-11	14	18	3746
-13	14	16	5067
-5	10	26	13241
-1	10	14	11652
-5	8	19	68758
-1	11	14	5838
-11	14	15	2372
-9	13	18	13019
-13	14	15	3499
-15	14	15	2378
-17	15	13	750
-15	15	15	877
-11	12	21	7448
-13	13	18	6066
-1	6	21	31607
-9	9	20	5622
-1	7	14	16728
-5	8	13	8963
-13	12	11	3361
-13	13	12	3447
-7	13	21	4359
-5	13	21	1446
-3	12	20	9570
-15	12	14	4512
-13	11	17	4054
-13	12	18	7824
9	5	12	5495
7	7	22	22071
-3	8	14	22145
-9	9	14	15585
-7	8	19	13951
-9	8	17	1406
-11	9	16	1500
-11	10	18	7622
5	9	18	17858
13	4	15	18355
13	3	17	10806
-1	6	16	23652
1	5	16	15859
3	4	15	5269
1	6	13	6719
3	6	13	8336
1	7	13	10390
9	6	11	2936
-11	10	10	1931
-3	8	26	14153
-1	11	22	11053
-3	12	22	3444
-7	11	25	8525
-9	11	25	1979
-3	11	12	2223
-5	12	15	9310
11	4	12	3500
-3	10	11	1586
11	6	8	274
11	5	11	3324
-5	10	13	9634
-9	9	11	3026
-11	13	14	7157
-9	14	16	2786
-5	13	19	3866
-3	9	11	2709
-1	8	13	9650
-5	7	20	9410
-1	9	29	3468
-3	9	31	501
1	9	29	1233
3	9	27	774
1	10	25	3134
-1	10	27	3762
-5	11	26	5718
-15	12	13	5990
-13	10	12	2428
-11	10	14	15417
-9	8	14	3367
-7	7	13	2304
-7	7	16	2372
-5	6	14	1922
-1	5	15	4408
-3	6	16	11513
-7	7	11	616
-9	8	9	204
-11	9	10	1060
-7	8	13	7022
5	4	24	3250
3	5	24	12631
-7	9	11	3220
-15	14	9	99
-11	14	19	1646
-5	9	12	4705
-9	9	19	9861
5	4	21	17400
15	3	17	2003
11	6	19	4528
9	6	23	4682
-1	5	16	6809
9	5	11	1793
-11	14	13	989
9	6	21	18511
1	6	26	8127
-1	7	25	25663
9	3	12	956
9	5	24	4984
-13	11	16	7538
-11	13	12	1789
-9	12	11	1401
-11	11	10	1613
-9	10	12	7475
1	7	12	4013
-13	13	19	4442
9	5	23	10612
3	8	28	3158
-11	10	20	1617
1	5	18	24238
-7	9	23	11605
-9	10	23	4595
-7	8	20	9123
-7	10	14	22341
-11	11	14	21946
9	3	14	4447
7	3	14	2336
13	3	12	3485
15	2	9	105
13	3	11	1238
-9	11	11	1792
-5	10	12	4464
-9	12	23	6433
1	10	26	1166
-7	12	12	1299
-5	12	16	13366
-11	10	13	12229
-1	9	12	3945
-7	12	13	4365
-11	12	11	2437
-13	13	21	756
-13	12	19	3476
-11	12	23	1410
-5	12	23	6516
-3	12	23	1683
-3	12	24	643
-5	12	24	3390
-15	12	15	2671
-13	11	9	807
-7	7	14	2697
-11	9	15	2287
-13	10	13	2366
-17	14	11	1532
-15	13	10	1510
-15	13	9	385
-13	13	13	5824
1	8	29	4132
-11	13	13	3367
-7	11	13	6850
-17	12	9	1000
5	5	28	1075
5	4	23	6775
7	3	21	4338
9	2	22	180
11	2	20	1273
13	2	16	4916
15	2	14	4198
17	2	14	1402
15	2	16	2526
17	1	13	814
11	4	20	14750
7	5	25	8538
-3	8	28	2980
-11	12	9	302
-13	13	11	1144
-15	13	11	2566
-13	12	9	980
-11	9	9	523
-7	7	15	2874
-1	7	29	1229
-15	14	17	770
-13	13	20	1511
15	3	16	3003
15	4	12	5185
13	5	14	11536
11	6	15	17366
-15	14	14	4235
-5	11	12	3284
-15	14	12	2280
-19	15	9	463
-9	11	23	10874
-7	10	24	17427
-15	13	16	3177
-17	14	13	1349
-9	8	15	2986
3	5	14	9218
5	7	11	2984
3	5	12	2178
5	5	12	3313
-3	9	9	281
5	8	24	9349
3	9	25	4532
11	6	14	15540
15	4	11	4737
15	3	12	5427
15	2	12	2331
-5	13	15	2367
-3	7	14	13573
-1	6	12	1842
5	5	14	12525
3	4	19	11522
-7	11	27	1734
-11	11	21	5318
-13	11	19	691
-15	12	16	1404
-11	10	21	475
-9	9	22	934
-11	10	19	4392
-15	11	12	1602
-7	9	24	5661
-9	13	21	5921
-11	13	21	3820
-9	9	21	2542
-5	6	18	742
-7	7	19	386
-1	6	26	1246
-1	5	18	7717
-7	13	15	4508
11	5	13	12192
-11	13	20	6033
-5	12	22	11880
11	5	10	1629
-5	8	11	1898
-5	7	13	5022
-17	13	9	1136
11	2	14	2463
9	2	14	1339
11	1	15	582
13	1	13	677
9	3	13	2139
7	4	23	9789
7	9	16	2425
11	7	14	2936
3	4	24	580
5	3	22	587
7	2	21	95
5	2	17	225
7	2	19	628
5	3	21	1351
5	3	18	3791
3	4	17	10253
-15	12	9	1265
-19	14	6	65
-15	12	8	265
-13	12	8	152
-13	13	9	144
-15	14	10	366
-3	8	10	1140
-7	10	25	8298
-9	11	24	4978
-5	9	28	1710
-5	9	27	4577
-7	12	25	2348
-7	13	22	2023
-5	8	26	1792
7	5	12	4442
13	5	16	7661
15	4	13	6160
11	4	21	7589
13	4	19	3443
15	2	11	1080
11	3	23	848
13	3	21	761
15	3	11	2508
17	2	10	1148
13	5	13	10003
-13	11	12	8110
-15	11	10	1520
3	9	26	1822
5	8	11	1835
13	5	11	4422
11	6	13	11972
11	7	10	1069
9	8	11	1281
9	5	13	9842
7	8	21	4718
9	7	18	15216
-11	11	22	1894
7	8	10	729
3	10	11	658
-9	10	24	1763
-5	8	27	651
-7	9	26	875
1	6	29	581
-5	7	14	9073
1	4	17	3793
3	3	17	1478
1	4	18	3436
-3	6	15	9055
5	4	14	4218
7	3	12	531
-9	8	13	2889
-11	11	23	645
5	6	28	2933
9	7	9	586
-1	7	27	6362
11	3	14	7168
7	3	22	2058
3	4	23	1677
1	5	25	1135
-9	10	10	1366
-9	10	9	559
-3	12	14	2806
-9	9	12	4941
1	5	14	5835
-1	5	12	786
-3	8	13	9361
9	3	22	2766
-13	15	15	939
-15	16	12	57
-17	16	12	103
-19	16	10	96
-21	16	8	69
-17	15	11	767
-19	14	8	542
1	5	13	2300
-11	12	12	3591
-3	7	13	6707
3	10	14	5200
7	2	16	1219
9	1	15	202
11	1	17	440
13	1	15	938
17	2	11	1552
19	1	10	229
17	2	13	1312
7	9	12	1439
5	10	12	718
3	11	15	1152
1	11	17	7493
17	2	9	560
13	4	11	3432
-13	14	18	2532
-17	13	12	2132
-19	14	9	733
1	4	19	2444
-1	5	20	3861
-15	11	15	184
-1	12	16	3013
1	11	18	7789
-1	5	17	7769
1	4	14	1462
-3	5	15	1095
-5	6	17	1306
-7	7	18	800
7	3	13	1250
5	5	10	503
1	5	12	1488
-11	9	11	2192
3	4	20	9473
-3	13	14	533
1	11	14	3202
-1	9	30	1486
1	9	30	438
-9	14	19	1335
5	9	11	933
7	9	11	665
13	2	18	2509
9	5	25	1916
13	4	20	1506
17	3	10	2198
19	2	9	817
19	2	7	310
19	1	9	464
17	1	11	826
15	1	15	902
13	2	17	2561
3	5	26	3026
-3	6	14	5079
15	5	9	1117
13	6	12	2440
13	5	9	709
15	4	9	1264
-11	14	16	4158
-11	14	14	2474
9	1	13	239
11	1	11	49
9	2	12	323
7	3	11	207
-5	6	13	1371
-3	5	16	1174
-3	9	30	1298
-7	8	9	197
3	7	31	545
5	7	33	14
3	8	32	52
5	7	31	69
3	7	29	2833
13	5	12	8125
-7	7	12	1520
11	3	21	3798
13	2	20	645
11	2	22	224
13	2	22	69
15	2	18	662
11	3	22	1585
1	6	12	2442
-1	7	11	1929
5	5	13	4429
9	4	12	2022
11	3	13	3419
3	4	14	2676
15	1	11	354
15	1	13	1048
9	3	23	1453
-3	12	18	11389
13	2	14	3821
9	4	13	6530
-13	14	14	3685
-15	15	13	1036
-13	15	17	609
-11	14	20	1234
7	8	9	189
7	7	10	1018
15	4	15	2753
1	4	20	1202
-1	4	17	350
-3	5	18	377
1	11	22	860
17	1	9	174
13	2	11	376
-1	12	18	3573
-5	13	18	3779
-7	10	26	4023
11	5	22	1820
5	6	29	1187
7	6	29	144
5	6	31	204
3	6	31	266
5	2	16	425
-3	9	12	4274
3	3	21	90
-7	12	24	5269
-9	15	15	211
-7	14	16	1250
17	3	8	709
19	3	6	281
13	6	10	1590
-17	14	14	1428
-1	12	20	1187
-3	13	19	584
-3	13	17	1396
3	10	21	4153
7	8	22	2121
5	9	23	1122
3	10	22	2054
1	11	20	3999
11	6	20	1522
-1	11	12	1565
1	10	12	1875
3	9	9	156
5	8	10	1020
1	11	16	7093
7	5	13	6803
-9	12	24	3360
17	4	7	426
19	3	4	31
17	3	6	42
13	5	8	301
9	8	16	2289
-3	9	10	725
-1	8	10	1261
-1	7	12	4014
13	5	7	192
11	7	13	3219
-7	10	27	1747
-3	11	27	1229
-17	13	8	737
-15	12	7	210
-13	11	8	280
-5	10	8	129
-7	11	9	145
-1	5	21	1910
-3	6	13	3141
-3	10	12	3196
-5	11	10	487
-7	11	10	790
3	3	16	1277
-13	14	13	1860
1	9	10	587
1	4	15	2363
13	2	12	1144
15	5	13	879
7	7	11	3257
-5	11	27	2477
-1	6	13	4756
-1	8	9	239
-7	10	28	509
-3	8	29	1153
17	3	13	1603
17	3	12	2136
5	6	10	720
13	5	19	720
9	5	10	1251
-1	9	32	242
1	8	31	775
-1	9	34	31
7	6	26	3956
-19	15	11	463
-5	12	12	825
7	8	23	877
3	6	9	269
-13	14	17	2580
-15	14	11	1021
-5	10	29	1118
-3	10	28	3640
-11	12	22	3893
-3	6	23	653
-1	6	27	337
1	8	11	1626
-13	14	12	1166
-11	13	11	594
1	6	11	1433
-1	9	28	7274
-5	9	29	687
-9	11	26	639
-1	7	9	239
-3	8	11	1873
7	5	11	1229
15	4	10	2483
13	4	8	161
11	5	9	526
-1	10	30	219
-3	10	30	663
15	4	8	253
-15	14	13	2773
-13	11	18	1709
-13	10	15	1083
7	4	13	4616
3	10	13	3216
9	2	11	29
11	2	11	109
13	1	11	184
11	2	10	123
9	3	11	399
7	6	27	1753
5	3	14	1276
-15	13	15	6046
-1	12	19	2413
7	2	18	1146
9	2	20	1007
1	11	13	1401
3	11	13	659
-5	9	10	851
-1	7	10	539
13	1	17	549
7	8	11	1615
15	4	7	188
17	3	9	1264
19	2	8	572
3	11	16	1262
1	12	16	484
3	11	17	809
-1	5	11	95
-7	13	24	372
-5	13	24	23
-5	12	25	1431
-3	13	12	77
-5	13	12	194
5	2	14	305
3	3	13	355
11	2	16	4220
5	3	20	2552
-3	6	9	46
-7	7	17	1638
-9	8	16	2318
-5	13	20	2474
-5	13	14	1181
7	6	10	1185
-17	14	9	559
-17	13	10	2206
7	4	26	985
-13	13	10	625
-5	6	16	1787
1	4	21	719
-1	4	15	597
-3	5	12	364
-5	7	10	429
7	2	14	727
1	4	16	3102
-3	7	11	1440
-5	10	11	2009
3	5	27	1217
5	4	26	504
3	5	28	485
5	4	25	1438
13	1	19	168
15	1	17	323
17	0	14	55
-3	8	30	430
-5	9	30	283
-7	13	13	1235
-7	12	11	782
-11	13	22	1546
-5	7	24	390
1	12	14	495
5	10	14	1855
-1	12	15	2437
5	10	13	1396
-1	7	31	163
-9	9	10	1049
-7	9	10	1030
-7	8	11	1640
17	4	10	746
5	4	12	768
3	8	29	1146
-9	10	25	491
13	2	19	821
13	4	10	1067
11	5	7	99
11	4	10	517
-5	13	22	569
7	6	30	85
-9	13	22	2781
-13	10	8	398
-17	12	10	798
-15	11	13	932
7	4	12	1325
-1	5	14	3170
-3	5	14	1070
-11	14	12	579
-17	12	11	536
-9	12	12	2064
-15	14	16	2519
-13	14	19	800
-11	14	21	360
-9	13	24	510
-3	13	18	959
1	12	17	397
-1	12	21	699
-3	13	20	304
13	5	10	2162
15	5	8	669
3	11	14	1010
5	9	22	2492
3	10	23	722
3	10	12	1101
3	11	12	378
11	4	23	1398
1	5	24	2674
15	1	14	379
3	3	15	1033
1	8	30	1819
15	5	14	416
1	11	24	95
-1	12	23	30
-3	12	25	161
-1	5	13	1377
-3	6	12	1108
-7	11	28	725
-5	11	30	150
-7	12	27	371
-15	11	9	1062
-17	12	8	606
-7	14	17	663
-9	14	18	2563
-7	14	12	119
-9	14	12	286
-9	14	15	1417
11	5	23	596
9	5	27	238
-3	7	27	803
-5	12	27	187
-5	6	12	634
-5	6	15	2081
9	6	25	470
5	5	11	812
-1	11	11	162
-3	12	12	459
-5	6	19	289
-3	5	17	756
-1	4	18	161
1	10	27	336
11	7	17	635
1	7	31	544
-1	8	33	101
5	5	30	138
3	6	32	103
-5	12	11	511
-7	13	10	47
7	4	11	795
-5	10	10	661
1	6	30	186
11	2	13	943
1	4	23	26
3	3	22	5
9	1	17	236
-7	11	11	1129
11	2	12	611
15	2	13	2606
-9	8	11	1270
5	9	10	437
5	3	13	763
7	2	17	695
7	1	15	80
3	3	18	986
3	6	11	1589
-11	13	23	779
-13	14	20	677
1	8	10	1266
9	3	26	57
-9	12	10	256
-1	4	16	443
-11	9	13	3118
-11	12	10	488
-5	9	9	616
-3	11	28	424
7	3	23	1022
7	3	24	387
5	4	27	185
9	2	17	1806
-1	8	31	783
-3	8	31	185
-1	7	32	45
1	7	32	253
-15	11	11	1508
-9	14	11	41
-11	15	11	62
-13	15	11	195
-11	15	16	164
-7	8	10	765
-7	9	9	584
-17	14	12	2370
7	4	9	150
5	4	11	484
-7	10	10	1116
15	2	17	772
11	3	10	318
-3	5	13	633
-1	4	12	98
-9	13	23	1394
-3	13	15	1015
-5	14	14	298
5	5	29	403
3	6	30	703
-1	11	13	2447
3	11	18	425
-3	11	11	567
-1	10	10	371
9	8	17	1396
-1	6	11	1201
-17	15	9	167
-19	15	7	75
-5	10	31	210
9	2	18	2548
-11	12	24	503
5	7	9	594
7	6	6	25
-15	14	18	732
-17	15	15	305
-13	12	20	1519
-9	8	10	558
-9	14	13	409
-13	15	13	645
7	5	10	836
-3	7	10	618
17	4	5	32
17	4	8	630
-15	15	17	314
7	9	18	951
9	6	9	529
11	6	9	621
3	4	13	1534
3	4	12	437
1	5	11	157
-1	5	22	854
-9	8	19	304
-11	9	18	311
5	10	18	812
-9	12	25	1437
9	2	19	1347
-5	13	23	174
1	6	28	1671
7	6	8	140
-13	10	16	446
-11	9	19	88
11	1	13	386
15	3	8	208
-13	10	17	138
11	2	19	1585
13	6	16	443
-5	7	23	1166
-1	9	10	686
-5	6	11	390
13	5	18	1728
-19	13	8	411
1	10	9	81
1	3	17	69
15	4	16	1423
-13	14	10	177
-1	7	30	440
5	8	29	65
7	8	25	78
9	7	24	44
11	6	21	459
9	8	10	575
-3	7	9	108
3	9	28	269
5	10	11	370
9	3	10	159
-1	12	14	1467
3	3	14	484
11	5	8	233
17	3	11	2395
-7	13	23	1055
-9	14	22	176
-7	14	20	360
-5	14	16	458
19	1	8	145
1	3	15	223
-13	11	7	174
-11	10	8	278
1	8	32	304
-1	9	33	86
-19	13	7	307
-17	12	7	437
-7	8	23	941
9	7	8	60
-9	14	20	1019
-7	14	18	1138
-3	13	13	311
-7	7	10	302
9	5	9	376
-1	8	8	134
13	6	8	443
19	3	7	320
-5	7	11	928
11	1	18	145
9	2	21	362
3	4	25	159
1	5	26	373
-1	6	28	138
17	4	6	161
-11	9	17	729
-15	11	8	680
-5	12	26	518
-19	13	6	290
3	8	33	24
-11	9	7	32
-13	10	6	28
-11	14	11	108
5	7	29	672
3	8	30	481
-17	16	10	82
3	3	20	293
5	10	16	1784
15	1	12	286
13	1	14	247
17	1	10	226
-9	13	26	49
5	7	30	286
-13	10	9	825
-5	11	31	39
-3	10	34	6
11	4	9	322
9	4	9	259
7	7	9	593
5	2	19	80
7	1	17	24
1	11	12	827
7	9	10	276
-7	7	20	162
19	3	8	389
17	4	11	615
3	9	10	640
-1	13	16	219
-15	11	7	259
-11	11	9	519
1	4	13	714
7	4	27	356
9	8	18	609
-11	14	22	223
17	4	9	1028
-11	13	10	274
-15	15	11	348
9	2	13	367
7	2	13	138
7	2	15	743
-13	12	10	1188
-7	14	19	593
-9	14	21	305
-19	15	10	239
1	6	10	417
-1	7	8	125
-7	13	11	214
-9	13	11	390
-15	13	8	214
3	4	11	251
5	7	8	108
-1	4	14	487
-5	9	31	61
-1	4	13	267
-7	8	25	56
-1	9	9	320
-3	13	16	1336
-11	10	9	650
-11	14	10	113
-1	11	26	401
-15	15	16	181
-17	15	12	363
-15	15	14	432
7	7	27	227
11	3	9	89
13	6	17	128
11	7	18	266
-1	12	12	234
-5	10	30	531
-1	8	32	272
-3	6	11	662
-5	10	9	286
-3	9	7	89
-5	9	5	21
-7	10	7	71
-5	9	8	114
-3	8	9	238
-9	11	9	329
-11	12	7	95
-13	13	8	102
11	7	8	97
-3	6	24	244
-1	5	23	400
-3	7	29	46
-3	7	28	245
-7	9	27	201
11	1	16	181
13	0	14	55
15	0	12	77
-15	12	5	29
-9	9	7	42
-11	10	6	26
3	5	11	525
13	2	10	193
3	8	31	186
3	9	30	22
-3	13	21	69
-1	12	22	220
1	11	23	375
5	10	19	314
3	11	19	188
-11	11	7	70
-9	10	6	30
13	3	9	165
11	3	11	593
-13	12	5	29
-15	13	7	62
11	4	7	73
-3	11	10	393
-11	15	18	129
-13	15	16	298
-9	15	17	237
-5	14	17	211
-11	15	13	338
-9	15	13	216
-9	12	27	146
-11	13	24	206
-13	14	21	104
7	8	24	241
5	9	25	76
-15	15	10	38
-17	13	7	120
3	6	10	520
-11	15	15	608
15	2	10	336
17	2	8	93
3	3	19	540
-21	15	7	265
-15	14	8	71
-3	10	31	276
7	2	20	322
11	1	19	139
-3	10	10	536
-9	10	8	307
-17	16	14	62
-9	9	8	68
-3	6	10	45
1	12	15	633
5	6	8	109
19	1	11	482
-19	13	4	54
-7	15	16	19
-5	14	15	268
13	1	18	104
-9	8	18	645
7	7	8	54
9	6	6	25
11	5	6	55
-19	14	7	292
-3	11	8	57
-11	15	12	35
-5	14	19	80
-7	11	8	93
-9	11	8	113
1	3	13	120
15	5	15	200
17	4	12	333
-3	10	9	254
-5	11	8	105
7	9	19	346
9	8	20	70
9	8	19	267
5	3	11	46
1	4	11	103
3	3	12	70
-5	12	28	44
-7	13	25	129
3	5	10	392
1	5	10	179
1	8	9	214
1	9	8	103
3	11	20	44
5	10	21	41
7	9	20	145
3	11	11	65
-7	14	21	74
-1	10	7	24
-5	12	9	83
-3	12	11	264
15	5	7	254
5	5	8	88
7	5	6	11
7	2	12	139
1	9	33	18
13	3	20	1462
-17	15	10	196
3	5	29	142
5	6	9	299
-7	10	29	125
11	7	9	528
-9	10	26	165
-11	10	22	198
5	8	9	231
-7	12	29	35
7	5	29	220
1	4	22	236
3	10	9	37
19	0	10	95
9	7	23	294
-9	10	7	41
1	12	12	116
9	3	24	498
-7	14	13	132
-1	13	17	52
21	0	8	65
19	0	12	51
-1	10	29	559
3	8	9	215
-1	5	24	69
17	3	7	117
-5	14	18	156
7	5	8	120
9	5	8	146
-11	15	17	467
-3	14	15	70
-13	10	18	65
-9	9	23	267
3	7	9	312
-15	15	12	265
-11	13	9	109
-3	11	29	164
11	3	24	176
13	2	21	125
17	1	14	168
7	7	7	95
3	8	8	146
9	3	25	196
1	11	11	82
-13	15	12	122
-1	13	13	124
-7	8	24	233
5	3	12	185
-1	9	8	78
-11	15	19	128
1	9	31	156
-19	16	8	56
-13	15	14	246
-9	13	25	228
1	10	28	128
9	4	28	55
11	3	25	75
9	3	27	28
7	4	29	32
-9	13	10	142
7	4	28	125
11	2	21	402
9	1	18	74
7	5	9	153
9	5	7	8
-9	12	26	580
-7	10	30	53
-9	11	27	203
-7	11	30	48
-5	7	25	64
-7	8	26	14
-3	6	25	97
5	5	31	46
7	9	22	12
9	8	21	29
-21	14	6	169
5	9	24	388
1	12	18	136
-5	6	20	118
-3	5	19	193
-17	12	6	148
-11	13	25	86
-7	12	26	995
-3	10	33	27
-11	15	14	166
-1	9	7	42
1	9	9	274
1	6	9	184
-17	13	6	49
11	2	25	19
1	5	28	15
-5	8	8	150
-7	10	9	349
-1	12	11	121
3	2	14	81
-7	12	10	113
21	2	5	114
15	3	9	369
17	1	12	307
-7	8	8	58
19	3	9	330
9	7	25	21
21	2	6	158
11	3	8	35
15	1	9	26
-17	12	5	51
-21	14	3	25
-3	12	26	29
-3	8	33	18
-5	9	33	10
-7	9	29	22
17	1	15	272
-15	16	10	41
-1	10	31	61
-1	11	27	108
-13	12	7	71
13	0	12	76
5	3	23	156
11	7	19	92
-5	14	13	52
-9	15	14	106
-5	11	29	457
-7	9	7	86
-5	14	12	40
17	3	4	16
7	4	10	116
-9	12	28	55
-15	12	6	23
-17	13	4	22
9	8	9	196
-19	15	8	100
1	12	13	262
-17	14	7	41
-15	13	6	55
-7	15	14	41
5	6	32	51
3	6	35	14
5	5	33	10
7	4	30	22
5	4	28	48
1	5	27	109
-1	6	29	39
-3	7	31	9
-3	6	26	14
5	8	8	122
1	8	8	132
5	2	13	56
-9	8	8	34
-5	7	9	63
-5	11	32	11
-3	14	14	96
1	3	16	215
-7	9	8	64
-3	8	7	26
-19	16	12	36
1	7	33	101
3	7	7	102
-7	11	29	245
-17	16	16	8
-23	16	4	33
5	10	20	118
3	10	24	276
-5	15	14	9
-1	13	14	180
17	0	10	84
-13	14	22	90
-7	15	17	21
-9	16	16	1
-11	16	16	29
-13	16	16	43
-5	10	32	39
5	4	10	75
1	7	8	79
-5	11	9	29
-13	14	11	341
-7	15	13	80
-3	9	32	190
11	7	21	11
-1	13	11	8
13	0	16	41
15	0	14	105
1	10	29	44
3	10	25	87
3	9	31	3
-1	13	15	233
3	7	8	74
5	2	18	134
-13	16	14	62
5	5	9	44
-3	9	8	76
-3	8	32	58
5	8	28	175
5	2	15	251
1	9	32	48
-1	4	11	29
13	6	18	62
-1	10	9	204
-7	11	31	28
-1	11	10	193
13	6	7	39
-5	13	11	48
9	1	14	73
11	1	14	161
-11	11	6	57
-1	13	12	27
-9	14	23	41
-13	15	19	129
-7	12	28	143
1	10	10	111
-17	15	14	153
3	7	32	174
-13	14	9	21
-15	16	14	102
9	1	19	21
11	1	21	16
3	2	15	59
15	4	6	44
19	3	5	97
9	2	23	38
7	8	26	19
1	12	19	23
9	4	10	246
3	6	8	31
1	9	7	41
-5	7	26	31
-3	11	30	38
-1	10	32	24
3	4	26	13
1	4	12	205
5	6	7	48
-9	9	24	42
1	3	14	154
3	2	13	26
13	1	12	149
-9	15	16	57
-9	9	25	26
-3	9	33	77
-3	11	9	40
-1	7	7	45
1	7	7	41
-7	9	28	37
-5	8	29	59
11	1	20	16
-7	15	15	90
-15	16	16	31
-13	15	18	136
3	7	33	69
9	8	8	44
-9	15	18	72
1	8	33	107
-17	14	8	125
19	2	6	53
21	1	5	44
-3	13	22	3
-5	14	20	10
-7	15	18	5
-11	9	8	93
-1	6	9	79
-13	16	12	39
-5	6	10	39
21	0	6	42
7	9	21	24
7	6	7	59
19	0	8	70
1	11	10	83
3	11	10	37
3	10	10	56
13	4	7	67
-13	10	7	47
21	1	6	123
-3	9	34	32
9	6	8	297
-15	15	9	46
-3	5	11	65
11	1	12	35
-3	5	20	43
-5	15	13	31
-9	14	10	32
15	2	8	60
3	9	29	41
7	3	25	102
11	7	20	17
-23	15	3	34
-9	15	19	33
-21	14	5	133
-19	13	5	66
5	9	9	61
-7	10	6	31
19	2	5	24
19	1	7	67
-3	10	7	26
-17	14	6	31
9	4	27	149
17	0	12	101
-5	12	10	87
-11	14	24	20
-13	15	21	10
11	2	24	26
13	1	21	9
15	1	19	41
7	5	30	50
-9	13	27	26
-21	15	6	111
-9	12	7	23
7	1	13	78
-21	14	4	38
-1	6	10	108
5	4	29	6
-1	7	33	13
13	3	7	10
9	4	7	34
23	1	3	41
5	2	12	51
15	1	18	38
-11	16	12	29
25	0	0	9
1	6	7	21
7	8	8	65
1	7	34	25
-11	16	14	19
3	5	8	46
13	0	10	17
15	1	16	143
1	6	8	24
11	7	7	28
-9	16	12	9
-1	8	6	23
11	0	16	20
7	1	18	7
1	8	34	37
-9	11	7	9
-7	10	8	150
-15	11	6	43
13	6	6	22
1	12	11	46
-1	8	36	3
13	5	6	32
9	7	7	51
-5	6	21	35
-7	7	22	10
-7	8	28	4
-1	8	34	39
-5	10	7	45
-3	7	30	24
-5	8	32	3
15	4	5	20
21	2	3	24
3	2	12	13
11	4	8	38
-1	4	19	16
-3	10	32	102
9	5	6	41
13	3	8	89
-11	14	23	21
1	6	32	26
-7	7	9	23
5	9	27	6
9	2	10	41
17	2	7	43
21	2	4	48
7	2	22	4
5	3	24	21
-7	13	9	9
5	7	5	16
-5	7	8	15
7	7	28	43
7	3	26	21
-19	14	5	29
-15	15	18	26
15	3	6	39
-21	15	5	37
-1	5	10	74
7	9	9	38
7	1	14	27
-9	8	21	22
1	3	12	22
-11	13	8	29
15	5	6	30
-5	10	34	6
5	4	9	63
17	2	6	27
15	3	7	39
5	7	7	56
1	9	34	14
-9	16	14	10
11	6	6	24
-1	7	34	10
1	8	35	12
15	0	10	49
-3	14	12	13
15	0	16	34
-9	8	20	85
-3	7	8	26
-3	13	11	19
3	5	31	10
3	8	36	1
11	6	7	19
-5	6	9	23
9	1	16	56
3	6	7	30
-13	14	8	19
5	2	20	8
3	7	34	36
-5	9	7	47
-9	13	9	21
-3	5	10	22
-7	12	30	23
1	11	25	4
3	10	26	8
11	2	23	19
13	2	8	22
15	1	10	35
-1	10	8	20
-1	5	25	5
-1	8	37	3
1	7	38	2
-11	9	21	7
3	5	30	35
-3	8	6	31
7	5	31	20
5	6	34	13
-13	16	10	7
1	6	31	70
13	4	5	28
-7	13	26	20
9	6	7	42
-9	12	8	14
-7	11	6	14
23	1	2	13
-3	10	8	50
-5	7	27	7
-13	11	6	39
5	1	13	19
-5	6	22	11
-11	12	8	29
-21	16	6	37
1	9	35	1
5	10	9	19
7	3	9	7
-5	11	33	8
-9	11	6	42
3	8	7	36
11	0	12	38
5	5	32	14
-1	9	36	4
9	3	9	25
13	2	9	12
-1	11	28	13
-5	8	30	10
5	9	26	25
3	5	9	25
3	9	8	24
5	9	8	14
-7	16	12	2
1	7	37	3
5	1	14	8
5	10	10	45
-1	9	35	5
7	1	16	26
-5	12	29	5
-7	13	27	4
-7	12	31	5
-9	13	28	17
17	0	16	13
-9	8	22	6
3	8	6	34
-7	7	21	30
5	8	30	12
-11	15	20	18
3	6	33	25
15	5	5	13
-15	15	19	47
3	3	11	14
5	7	32	14
1	12	20	2
-1	13	18	6
-3	14	16	11
-13	13	7	16
1	8	6	29
3	6	34	11
9	4	8	16
7	3	10	38
-17	16	8	10
-23	15	2	21
-11	10	7	19
7	4	31	7
5	10	22	2
9	2	24	6
15	0	20	2
13	0	18	5
-11	9	20	16
-11	14	25	14
-3	14	13	9
-5	9	32	19
-3	8	34	2
-3	11	31	13
17	0	8	12
13	1	23	3
1	7	35	7
-11	15	21	9
5	6	33	7
9	0	14	7
-7	7	8	10
13	1	22	3
9	3	28	10
3	8	34	3
7	0	12	2
-1	8	35	12
3	7	37	4
-3	10	35	5
-25	16	0	6
-15	11	5	9
-13	15	23	4
-13	15	22	1
-5	10	33	7
-3	9	36	2
3	11	21	2
7	9	8	10
11	2	26	2
3	7	36	1
-3	8	36	3
1	3	18	1
11	0	14	9
-9	14	24	9
3	2	16	8
1	6	33	5
-7	14	22	7
1	3	11	4
9	8	22	3
-3	5	21	5
1	7	36	2
3	7	35	1
-1	7	35	1
9	0	12	6
-11	14	26	6
-5	11	34	1
-9	13	29	1
-1	6	30	1
3	6	36	1
1	4	24	1
-13	16	18	2
9	0	16	2
5	5	34	1
7	4	32	1
9	3	29	2
7	3	27	1
-7	7	23	3
-3	9	35	1
-1	9	37	2
1	8	40	1
-3	9	37	1
-1	4	20	1
