23	0	4	43
21	1	7	275
19	2	10	915
17	2	12	2416
15	3	15	5860
13	4	18	7795
11	4	18	27958
9	5	19	57554
7	5	21	61515
5	6	20	133279
3	6	20	128077
5	5	21	65843
9	4	20	30389
7	4	20	33552
5	5	20	78249
7	5	18	79444
5	6	18	111074
3	7	21	170100
1	8	22	164366
3	8	22	101758
5	7	19	130879
7	6	18	96327
5	7	18	116140
3	7	16	63544
1	7	16	59169
3	6	16	47391
5	5	17	48583
7	5	17	60203
7	4	18	34441
9	3	16	10485
11	2	15	2430
9	2	15	1452
7	3	16	6475
5	4	15	9217
3	5	17	34073
1	6	16	36366
3	6	14	15227
5	6	14	18620
-1	7	19	119112
1	6	17	57543
-1	7	18	99228
5	7	14	21121
3	7	14	20046
5	6	11	2053
7	6	11	2579
5	7	12	4983
3	8	12	5937
5	8	12	5192
7	8	12	4137
5	9	13	5019
3	9	17	49147
5	8	16	47078
7	7	16	49702
7	7	19	63108
5	7	17	94668
3	7	19	167725
1	7	21	169865
3	6	22	99807
1	7	23	112114
-1	7	21	114674
5	5	23	34034
7	5	23	28573
5	6	22	93910
3	7	23	107926
1	8	24	88264
-1	8	24	88564
-1	8	26	32685
-3	9	27	13555
-1	8	27	17673
-3	9	25	45351
-5	9	21	111337
-3	8	20	140053
-5	8	18	69769
-3	8	16	63208
-5	9	17	94243
-3	8	18	120321
1	7	19	161362
3	6	18	100011
1	7	20	174316
-1	8	21	186368
-3	9	22	141831
-5	10	23	68715
-1	9	27	14772
-3	9	24	73709
-3	8	21	125517
-1	7	20	122384
1	7	22	144109
3	7	22	142757
-1	9	22	144026
1	9	22	91811
-1	9	24	77271
1	8	23	125927
1	8	21	186095
3	8	19	134157
1	9	19	119909
3	8	20	140700
1	9	23	66613
-1	10	22	63671
1	9	20	122476
3	9	18	57647
5	9	16	17307
7	8	16	22523
7	8	15	17815
9	8	13	2897
11	7	11	2148
13	6	11	2280
15	5	10	1641
13	6	9	780
15	5	11	1568
13	6	13	2427
15	5	12	1636
13	6	15	1188
11	7	16	1594
13	6	14	1714
11	6	18	7729
9	7	19	9770
5	7	21	109914
5	8	19	68452
-1	9	20	174848
-1	8	23	125370
3	6	19	122797
3	5	16	26163
5	4	16	13105
5	4	20	22364
7	3	17	8762
9	3	19	13099
7	4	22	17484
9	3	21	6219
7	4	24	5223
5	5	26	5756
3	6	23	73903
1	7	24	77232
5	5	19	74314
9	3	15	7268
7	4	16	19817
1	5	17	19770
-1	6	17	34196
-3	7	16	35561
-5	8	15	29099
-7	9	16	49309
-5	9	16	62286
-3	8	17	86831
-5	9	18	115994
-7	10	17	82602
-3	9	18	135667
-1	8	17	99134
-3	9	17	103238
-5	10	15	34812
-7	11	16	46524
-9	11	16	49367
-7	11	20	78583
-5	10	20	132807
-3	10	20	128053
-1	9	19	161246
1	8	20	195776
1	8	18	147258
-1	8	14	23945
3	8	16	62889
5	7	16	62099
3	8	15	34603
1	9	18	99519
9	6	15	35509
11	5	15	28364
7	5	19	80271
5	6	26	13364
3	6	24	48224
5	6	24	42691
5	6	23	68814
3	7	24	73942
3	7	26	25560
1	7	26	28331
3	6	25	29770
-3	10	21	122579
-5	11	19	74505
-7	11	19	81155
-5	10	18	111262
-7	11	21	61366
-9	12	20	30719
-7	11	23	28213
-9	12	21	21059
-7	11	22	45518
-5	10	25	25104
-3	10	25	29866
1	8	25	55563
3	8	21	124887
3	8	18	119415
7	6	20	90294
5	6	16	56905
1	7	17	94606
-1	8	20	196579
-3	8	22	102299
-1	7	23	67500
-5	9	25	19355
-7	9	21	35644
-3	7	15	23570
-1	7	15	31137
-9	11	14	21200
-11	12	15	24218
-13	13	14	10051
-11	12	16	28835
-13	12	12	5871
-11	11	11	3333
-9	10	14	23108
-7	10	18	96575
-5	9	19	131572
-5	9	13	13182
-5	8	12	5128
-3	8	12	5957
-1	8	12	5697
1	7	9	297
3	7	11	2684
5	7	13	13212
7	6	12	5841
9	6	12	7458
7	7	14	20763
7	7	15	36989
9	7	11	2969
3	8	17	86706
1	8	17	99172
-1	9	16	59134
1	9	16	49252
-3	10	17	75690
-3	10	19	122740
-5	11	20	78173
-7	11	18	79179
-5	10	17	86465
-3	10	23	74689
-1	10	23	44827
1	9	26	13121
3	8	25	26903
5	7	25	18982
3	8	26	14114
5	8	26	1786
7	6	24	17504
5	7	24	35365
3	8	23	71734
-5	9	20	127802
-11	12	17	33537
-3	9	14	20286
-1	9	14	18685
1	9	12	3887
-1	10	13	6476
-3	11	14	8983
1	10	15	16844
3	10	15	8874
5	9	15	13626
5	8	20	61236
1	10	19	43116
-1	11	18	24326
-3	11	20	53140
-7	12	23	10009
-5	11	24	21048
-1	10	25	16009
1	9	25	25464
3	9	23	18485
5	9	21	5370
3	10	20	6955
1	10	22	21847
-1	10	18	72200
1	10	18	40664
3	10	16	11631
3	9	11	1521
5	8	13	9053
3	8	13	9478
3	8	10	1213
1	8	12	5782
3	7	12	4306
5	6	13	9826
1	8	14	24073
-1	9	15	37372
-3	9	15	41018
-1	8	16	70355
-1	8	18	146489
-3	9	20	178251
-1	9	23	111437
3	7	17	103097
-1	8	22	164838
-3	9	23	107512
-5	9	23	57643
-1	8	19	175533
1	8	19	174440
-3	8	23	72229
-1	7	24	43083
-5	9	22	83884
-3	8	24	46862
-7	10	19	103009
-9	11	20	48065
-11	12	18	28118
-13	13	17	10930
-15	13	17	1985
-17	13	13	1550
-19	13	9	292
-17	12	12	338
-15	11	14	400
-13	10	14	1766
-11	9	14	2973
-13	10	11	2357
-11	9	12	2878
-9	9	16	21600
-7	8	17	22371
-5	7	17	19865
-3	6	18	13275
-3	7	19	61311
-1	6	18	40852
-5	8	21	46084
-7	9	20	50894
5	6	19	132573
9	4	22	13746
7	5	22	46106
9	4	21	21533
11	4	17	33189
9	5	20	48048
11	5	18	27126
9	6	19	43014
7	6	19	102489
9	6	17	53442
7	7	18	66993
1	9	24	43111
3	9	22	29728
5	8	21	45991
5	8	17	59122
3	9	15	23743
1	10	16	24015
3	9	19	61692
5	8	18	70199
-1	10	19	87114
-3	11	18	46897
-1	10	20	89344
1	10	17	34072
7	7	17	62868
9	6	16	46277
5	8	15	29422
7	7	13	12803
11	6	11	3256
9	6	13	13048
7	6	13	11340
5	6	17	87149
3	6	15	30113
5	5	18	68631
7	4	21	25537
5	5	24	20621
7	5	26	3847
5	6	27	6634
3	7	25	45054
1	7	25	48561
1	6	24	28667
7	6	22	49883
5	7	23	58138
3	8	24	46936
1	9	21	113842
-1	9	26	28444
-3	10	26	16030
1	10	24	6769
5	9	17	19930
7	9	13	2323
9	8	14	3202
7	8	17	22073
9	6	18	50334
5	5	15	18990
1	5	15	8482
3	5	19	51193
1	6	18	72293
3	5	21	44206
1	5	21	16938
-1	6	20	39658
1	5	19	24873
-3	7	21	44389
-9	10	19	42816
-5	9	24	35786
-1	8	25	55485
-3	8	25	27207
-1	7	22	91409
1	6	21	82013
-3	9	19	167863
-5	11	22	52244
-7	12	21	25809
-9	12	19	38644
-5	10	22	93929
-1	9	21	170186
3	7	20	178380
5	7	20	127862
11	5	12	7560
9	5	16	49781
7	5	20	79074
7	6	16	59340
9	6	10	1420
9	7	13	11019
11	6	10	1917
15	4	14	4411
11	5	17	31886
7	7	21	35328
-1	10	24	28682
-3	10	22	100146
-5	11	17	48498
-7	12	20	33334
-9	13	19	12856
-7	12	22	17208
-9	12	22	13480
-11	13	19	11550
-9	13	17	13123
-7	12	18	34279
-9	13	15	7140
-11	13	17	15665
-7	11	17	59315
-5	10	19	132609
-1	10	17	56426
3	9	20	54944
7	8	13	7221
11	6	12	7213
9	6	14	23355
7	8	14	13397
-3	10	15	30078
-9	11	17	57641
-3	8	19	134528
-3	9	21	170836
5	6	25	24982
3	7	28	6846
1	7	28	7284
3	6	27	7965
-1	7	28	2873
1	6	27	3696
5	5	25	11395
9	4	24	3369
11	4	22	3943
7	5	27	1790
5	6	30	503
7	6	28	529
5	7	28	1854
3	8	27	6972
5	7	27	4410
7	7	23	11739
9	6	24	1695
7	7	25	2271
3	9	21	44173
5	9	12	2395
7	9	17	1653
5	8	22	31052
1	9	17	75844
-1	9	17	95762
-3	9	13	11932
-5	10	16	56919
-5	9	11	2783
-7	10	11	2529
-9	11	12	5449
-9	11	18	65117
-13	13	16	11534
-15	13	14	6397
-13	12	14	14776
-11	11	15	27716
-13	11	13	10166
-11	10	15	17530
-9	9	18	15148
-13	11	14	11816
-9	10	17	53099
-5	8	17	58830
-5	9	15	41817
3	5	18	47270
1	6	20	89730
3	4	16	7448
-1	6	15	16753
-3	6	17	13231
7	6	21	73090
5	7	22	84006
5	5	22	52151
3	6	21	121633
7	4	19	37908
9	3	18	12948
11	3	16	13901
9	4	17	38639
1	7	15	37251
3	7	15	41159
-1	9	18	127100
-1	10	15	23344
-5	11	18	68410
-1	7	17	76198
-1	6	19	43806
5	4	17	19840
7	3	18	8547
7	4	17	30550
9	5	14	21086
5	7	15	41514
-5	9	14	21411
-1	7	16	49718
-5	7	12	2407
-3	7	12	3208
-5	8	9	223
1	6	15	23709
3	4	18	11566
-3	7	17	48859
-7	9	17	62323
-5	8	16	46883
-7	8	14	13314
-9	8	12	2566
-9	9	13	10905
-9	10	15	35649
-9	11	19	57127
-7	10	20	89870
3	7	30	1296
1	7	30	1592
3	6	29	1689
1	8	27	17687
-1	9	25	48383
1	8	26	32903
7	6	23	32596
7	5	24	16488
3	8	14	22004
-1	11	16	15933
-3	12	17	10564
-5	12	19	25492
-7	13	18	8350
-5	12	21	17294
-9	13	20	8535
-7	13	20	6224
-9	14	17	1805
-11	14	17	2792
-3	12	19	11499
-3	11	22	33403
1	10	20	39711
-1	11	19	24656
-3	11	19	51254
-1	10	21	82261
-5	12	18	22948
-3	10	18	99512
-3	9	16	63721
1	8	16	70480
-5	10	21	120587
-9	11	22	19200
-7	11	24	16596
-5	10	27	6591
-3	9	28	6689
-5	9	26	9992
-3	8	27	7014
-1	7	26	13479
-3	9	26	25813
-1	6	23	12652
1	5	22	10971
-1	6	24	6562
3	5	20	53386
5	4	19	25555
5	3	17	4438
3	5	15	13424
1	6	19	86387
-3	7	18	57320
1	6	14	11541
-1	6	14	8366
3	6	17	75998
3	7	18	135790
-5	10	24	42462
-9	12	18	39949
-5	11	21	65241
-3	11	23	21403
5	6	21	120922
9	5	22	19553
7	6	25	8524
5	7	26	9987
3	5	13	3173
5	4	13	2582
7	4	15	14133
9	4	11	1380
7	5	14	16441
7	6	15	38767
5	8	14	19090
5	6	12	4579
9	7	12	5002
5	7	10	800
7	6	9	363
1	7	27	14763
-7	9	18	66436
-3	11	17	33876
7	7	20	51272
-3	10	16	47417
-5	11	16	36938
9	7	16	21349
11	7	12	2693
9	8	15	2908
11	7	15	2296
7	9	15	2815
5	10	17	1346
9	8	12	2525
9	7	15	20437
-7	10	16	59233
-7	10	22	49922
-5	8	20	61126
-7	9	19	63148
-9	10	18	50078
3	10	18	13425
1	11	19	5905
-1	11	23	5968
-3	12	21	6407
7	4	14	6389
9	4	19	38474
9	4	23	6738
9	5	21	31643
11	4	19	21358
13	3	19	4202
9	6	20	29243
11	5	14	22277
7	6	17	82449
9	4	18	39582
9	5	17	57420
13	4	17	11996
1	6	22	63401
1	6	23	45124
-5	8	14	19155
-7	9	15	36702
-7	9	12	5311
-5	7	16	17184
-7	8	15	17706
-7	8	21	4677
-5	7	21	5311
-7	8	18	19471
-5	7	19	14481
-3	6	19	10838
3	5	22	33649
5	4	22	11992
1	5	20	23059
-1	11	21	16935
1	10	14	8439
-1	10	16	36099
-1	11	17	19621
-3	11	15	13407
1	7	18	127598
-3	8	15	34841
-7	10	12	5847
-5	10	14	18877
-3	8	8	188
-5	8	10	1040
-7	9	13	12617
-11	10	12	7368
-13	10	10	1695
-13	11	11	4516
-15	12	10	2543
-15	13	13	6637
-13	12	16	15425
-15	12	12	5390
-13	11	15	9652
-11	10	17	12249
-7	10	15	38827
-9	10	13	13069
-7	10	13	11325
1	6	25	16328
-3	7	24	9626
-5	7	22	2495
-3	7	22	29969
-5	8	22	31047
-3	6	20	7104
-1	5	19	6077
3	4	22	3434
13	4	16	15568
3	5	23	21707
7	5	16	46846
11	5	19	17694
9	4	14	9569
9	3	17	13292
11	3	15	10710
13	3	13	5753
5	5	16	37577
1	8	15	36820
1	9	15	31081
-3	10	13	8204
-5	11	14	12545
3	9	24	9845
5	8	27	740
7	7	26	881
9	7	22	1055
7	7	24	5740
5	8	25	4285
-1	9	13	10281
-3	10	14	15531
-1	10	12	2389
1	9	11	1945
-1	11	24	2819
1	10	21	32043
9	6	22	9567
5	8	23	17798
-1	7	13	8935
5	3	15	2483
7	3	15	4431
13	2	13	1780
11	3	12	1835
13	3	10	681
-7	12	16	20098
1	7	11	2199
3	6	12	3236
-1	8	15	37238
-7	12	17	30164
-9	12	15	20030
-11	12	13	9426
-9	11	10	1317
-7	11	12	4334
-9	12	13	6488
-9	12	9	264
-7	12	9	160
-5	11	11	762
-3	11	13	3033
-5	11	13	4641
-7	12	14	6375
-9	13	12	921
-7	13	12	498
-9	13	14	4318
-7	13	16	6379
-5	13	16	3342
-7	14	15	783
-5	13	17	4308
-7	13	19	8761
-5	12	20	22110
11	3	19	11496
9	5	15	30984
9	5	18	65197
9	7	20	5721
11	6	16	15656
13	5	15	9438
1	9	27	6501
-5	11	15	19354
3	9	16	35246
1	7	29	3613
3	6	28	3838
5	5	27	2485
3	5	25	6567
5	3	19	3717
9	2	16	2680
7	3	19	8910
5	4	18	22987
11	4	15	24603
9	4	15	20208
5	6	15	35047
-7	10	21	72858
-11	12	20	14943
7	8	20	9009
9	7	17	19755
5	9	14	8815
3	9	14	13477
3	9	13	6862
-1	12	17	3930
-1	11	20	23239
-5	12	17	19692
-1	11	15	8689
-3	12	16	7307
-7	13	17	8601
-3	11	21	43288
11	3	17	15884
13	3	16	11503
15	3	14	6535
3	7	27	13570
-1	8	28	8706
9	4	26	564
11	4	24	566
9	5	26	663
7	5	28	648
9	4	25	1445
7	4	25	2307
-7	10	23	32471
-11	11	18	27325
-13	12	17	11872
-11	11	20	10841
-11	13	18	12974
-11	12	19	21275
-13	12	15	18260
-15	13	12	5368
-9	9	15	20244
-7	8	16	22515
-11	10	16	15821
-9	9	17	20000
1	8	13	9609
3	8	11	1855
1	9	14	16336
-1	10	11	1443
1	10	11	1118
-5	8	24	9311
-7	8	22	2180
-9	10	16	46026
-11	11	13	12182
-11	11	12	7488
-13	12	13	11989
11	5	20	10680
11	6	17	12415
13	5	17	4049
11	6	22	210
9	6	26	177
7	7	29	32
1	9	28	2888
-5	10	28	2881
-7	11	26	3712
-5	11	28	1100
-3	11	26	2970
-1	10	28	1712
-7	11	15	25423
-11	11	16	35305
-3	10	27	8003
-3	11	16	25875
3	10	19	10737
5	10	15	1978
7	9	14	2623
3	10	17	13453
1	11	15	4558
-3	10	24	48017
-5	11	23	34235
-3	11	25	6401
-1	10	26	7975
-3	11	24	12561
1	9	13	8802
1	7	14	19144
-1	9	11	2330
-7	9	14	20763
-3	6	22	1984
-9	11	13	9746
-9	11	15	30730
-7	9	22	22246
-9	10	22	9498
-7	9	25	2260
-5	8	25	4477
-3	7	26	1948
7	8	19	14235
5	9	20	9345
-1	8	30	1854
1	8	28	8711
-1	9	31	567
-3	10	29	1651
-1	6	25	3065
1	5	23	5998
-1	6	22	21566
3	4	21	6497
3	6	26	15972
-7	11	14	16436
-9	12	16	26735
-17	14	10	1216
-5	12	13	2540
5	3	16	3265
7	3	20	6093
9	3	20	8538
11	3	20	5988
13	3	18	6036
15	2	15	2295
13	3	14	9952
11	4	13	9421
13	4	13	11935
11	5	16	35033
7	5	15	25255
11	4	14	13957
7	6	14	22452
3	7	13	11689
9	7	14	15504
13	4	9	915
11	4	11	2400
15	3	10	1558
13	4	12	5898
11	4	16	28803
13	3	15	11964
15	3	13	6586
13	4	14	14983
9	4	16	26810
11	2	18	3619
13	1	16	314
11	2	17	2769
-3	7	20	55867
7	8	18	19432
5	9	19	14556
1	10	13	4733
3	9	12	3291
-3	6	21	3999
-3	7	23	18572
-3	7	25	4595
-5	8	28	163
-5	8	23	17844
-3	12	15	5252
-1	12	13	682
-3	12	13	1570
-5	13	13	855
-7	14	14	810
-9	14	14	1340
-7	13	14	2294
-5	12	14	4242
9	7	21	2470
-3	9	29	2941
-1	8	29	4147
-9	10	20	29523
-5	7	15	13285
-7	8	12	4144
-9	9	9	581
-1	8	11	1651
1	7	10	693
3	7	10	791
-7	12	19	37744
-9	12	17	38271
-11	13	15	10710
-9	13	13	2010
-7	12	15	14328
-11	11	19	17452
-17	13	11	2528
-19	14	10	960
-15	12	11	4837
-13	11	10	2365
-11	10	11	3274
-11	11	8	276
-9	10	11	2857
-9	13	16	10227
11	3	18	13311
13	2	15	3417
11	5	21	5363
7	7	12	5211
9	7	10	1039
1	11	21	1973
-1	11	25	1057
1	10	23	12522
-9	12	14	9716
-11	13	16	14102
-13	13	15	12138
-11	12	14	13730
-5	7	18	17902
-9	10	21	18964
-5	11	25	11274
-11	11	17	31786
-9	11	21	31037
-11	14	18	3714
-13	14	16	5062
-5	10	26	13531
-1	10	14	11658
-5	8	19	68884
-1	11	14	5821
-11	14	15	2375
-9	13	18	12941
-13	14	15	3388
-15	14	15	2329
-17	15	13	825
-15	15	15	921
-11	12	21	7370
-13	13	18	5923
-1	6	21	32160
-9	9	20	5527
-1	7	14	16549
-5	8	13	9073
-13	12	11	3353
-13	13	12	3420
-7	13	21	4293
-5	13	21	1417
-3	12	20	9608
-15	12	14	4655
-13	11	17	4143
-13	12	18	7886
9	5	12	5529
7	7	22	21811
-3	8	14	22089
-9	9	14	15668
-7	8	19	13857
-9	8	17	1347
-11	9	16	1500
-11	10	18	7657
5	9	18	17807
13	4	15	18242
13	3	17	10880
-1	6	16	23762
1	5	16	15765
3	4	15	5407
1	6	13	6539
3	6	13	8140
1	7	13	10440
9	6	11	2934
-11	10	10	1902
-3	8	26	14383
-1	11	22	10765
-3	12	22	3461
-7	11	25	8425
-9	11	25	1894
-3	11	12	2221
-5	12	15	9032
11	4	12	3543
-3	10	11	1510
11	6	8	253
11	5	11	3287
-5	10	13	9722
-9	9	11	2979
-11	13	14	7053
-9	14	16	2716
-5	13	19	3819
-3	9	11	2670
-1	8	13	9683
-5	7	20	9606
-1	9	29	3510
-3	9	31	540
1	9	29	1217
3	9	27	785
1	10	25	3059
-1	10	27	3870
-5	11	26	5711
-15	12	13	6072
-13	10	12	2566
-11	10	14	15657
-9	8	14	3378
-7	7	13	2226
-7	7	16	2324
-5	6	14	1826
-1	5	15	4446
-3	6	16	11620
-7	7	11	633
-9	8	9	190
-11	9	10	1084
-7	8	13	7183
5	4	24	3266
3	5	24	12679
-7	9	11	3284
-15	14	9	108
-11	14	19	1604
-5	9	12	4837
-9	9	19	9622
5	4	21	17351
15	3	17	1900
11	6	19	4657
9	6	23	4626
-1	5	16	6758
9	5	11	1881
-11	14	13	968
9	6	21	18731
1	6	26	8097
-1	7	25	25393
9	3	12	940
9	5	24	4958
-13	11	16	7643
-11	13	12	1854
-9	12	11	1472
-11	11	10	1571
-9	10	12	7393
1	7	12	3968
-13	13	19	4258
9	5	23	10702
3	8	28	3141
-11	10	20	1610
1	5	18	24636
-7	9	23	11447
-9	10	23	4658
-7	8	20	8909
-7	10	14	22314
-11	11	14	22103
9	3	14	4438
7	3	14	2371
13	3	12	3436
15	2	9	103
13	3	11	1254
-9	11	11	1883
-5	10	12	4541
-9	12	23	6524
1	10	26	1203
-7	12	12	1294
-5	12	16	13020
-11	10	13	12163
-1	9	12	3863
-7	12	13	4434
-11	12	11	2560
-13	13	21	765
-13	12	19	3467
-11	12	23	1420
-5	12	23	6609
-3	12	23	1696
-3	12	24	672
-5	12	24	3213
-15	12	15	2624
-13	11	9	746
-7	7	14	2731
-11	9	15	2325
-13	10	13	2392
-17	14	11	1599
-15	13	10	1490
-15	13	9	352
-13	13	13	5694
1	8	29	4173
-11	13	13	3357
-7	11	13	6813
-17	12	9	1031
5	5	28	1064
5	4	23	6763
7	3	21	4497
9	2	22	168
11	2	20	1305
13	2	16	4924
15	2	14	4192
17	2	14	1352
15	2	16	2544
17	1	13	784
11	4	20	14807
7	5	25	8629
-3	8	28	3078
-11	12	9	323
-13	13	11	1178
-15	13	11	2629
-13	12	9	900
-11	9	9	546
-7	7	15	2839
-1	7	29	1245
-15	14	17	797
-13	13	20	1518
15	3	16	2971
15	4	12	5260
13	5	14	11773
11	6	15	17548
-15	14	14	4179
-5	11	12	3277
-15	14	12	2352
-19	15	9	480
-9	11	23	10581
-7	10	24	17467
-15	13	16	3094
-17	14	13	1397
-9	8	15	2974
3	5	14	8931
5	7	11	2947
3	5	12	2131
5	5	12	3206
-3	9	9	279
5	8	24	9385
3	9	25	4508
11	6	14	15694
15	4	11	4844
15	3	12	5469
15	2	12	2251
-5	13	15	2372
-3	7	14	13278
-1	6	12	1848
5	5	14	12313
3	4	19	11760
-7	11	27	1641
-11	11	21	5273
-13	11	19	687
-15	12	16	1443
-11	10	21	535
-9	9	22	1026
-11	10	19	4435
-15	11	12	1608
-7	9	24	5706
-9	13	21	5978
-11	13	21	3793
-9	9	21	2410
-5	6	18	826
-7	7	19	361
-1	6	26	1213
-1	5	18	7602
-7	13	15	4325
11	5	13	12326
-11	13	20	6152
-5	12	22	11657
11	5	10	1643
-5	8	11	1827
-5	7	13	4860
-17	13	9	1208
11	2	14	2497
9	2	14	1354
11	1	15	547
13	1	13	628
9	3	13	2057
7	4	23	10032
7	9	16	2294
11	7	14	2939
3	4	24	623
5	3	22	626
7	2	21	90
5	2	17	258
7	2	19	661
5	3	21	1382
5	3	18	3824
3	4	17	10336
-15	12	9	1368
-19	14	6	64
-15	12	8	270
-13	12	8	166
-13	13	9	138
-15	14	10	370
-3	8	10	1194
-7	10	25	8364
-9	11	24	4982
-5	9	28	1777
-5	9	27	4546
-7	12	25	2468
-7	13	22	2115
-5	8	26	1776
7	5	12	4314
13	5	16	7782
15	4	13	6027
11	4	21	7672
13	4	19	3396
15	2	11	1099
11	3	23	865
13	3	21	797
15	3	11	2620
17	2	10	1243
13	5	13	9762
-13	11	12	8184
-15	11	10	1572
3	9	26	1876
5	8	11	1883
13	5	11	4489
11	6	13	12155
11	7	10	1027
9	8	11	1243
9	5	13	9841
7	8	21	4673
9	7	18	15507
-11	11	22	1847
7	8	10	773
3	10	11	651
-9	10	24	1686
-5	8	27	674
-7	9	26	922
1	6	29	574
-5	7	14	9173
1	4	17	3877
3	3	17	1497
1	4	18	3574
-3	6	15	8893
5	4	14	4212
7	3	12	524
-9	8	13	3020
-11	11	23	644
5	6	28	2923
9	7	9	521
-1	7	27	6432
11	3	14	7124
7	3	22	2051
3	4	23	1644
1	5	25	1135
-9	10	10	1329
-9	10	9	555
-3	12	14	2803
-9	9	12	5018
1	5	14	5838
-1	5	12	782
-3	8	13	9507
9	3	22	2864
-13	15	15	976
-15	16	12	95
-17	16	12	134
-19	16	10	107
-21	16	8	77
-17	15	11	814
-19	14	8	516
1	5	13	2395
-11	12	12	3535
-3	7	13	6931
3	10	14	5240
7	2	16	1238
9	1	15	200
11	1	17	429
13	1	15	918
17	2	11	1613
19	1	10	218
17	2	13	1322
7	9	12	1374
5	10	12	678
3	11	15	1131
1	11	17	7842
17	2	9	615
13	4	11	3426
-13	14	18	2523
-17	13	12	2058
-19	14	9	761
1	4	19	2448
-1	5	20	3903
-15	11	15	190
-1	12	16	3138
1	11	18	7854
-1	5	17	7589
1	4	14	1470
-3	5	15	1114
-5	6	17	1371
-7	7	18	887
7	3	13	1177
5	5	10	439
1	5	12	1456
-11	9	11	2235
3	4	20	9531
-3	13	14	502
1	11	14	3198
-1	9	30	1469
1	9	30	448
-9	14	19	1365
5	9	11	916
7	9	11	641
13	2	18	2563
9	5	25	1929
13	4	20	1463
17	3	10	2195
19	2	9	781
19	2	7	312
19	1	9	442
17	1	11	768
15	1	15	883
13	2	17	2628
3	5	26	2918
-3	6	14	5122
15	5	9	1098
13	6	12	2480
13	5	9	752
15	4	9	1203
-11	14	16	4109
-11	14	14	2452
9	1	13	203
11	1	11	58
9	2	12	292
7	3	11	198
-5	6	13	1431
-3	5	16	1157
-3	9	30	1299
-7	8	9	183
3	7	31	532
5	7	33	16
3	8	32	64
5	7	31	68
3	7	29	2929
13	5	12	8244
-7	7	12	1525
11	3	21	3946
13	2	20	671
11	2	22	235
13	2	22	73
15	2	18	637
11	3	22	1604
1	6	12	2441
-1	7	11	1925
5	5	13	4640
9	4	12	2071
11	3	13	3469
3	4	14	2741
15	1	11	368
15	1	13	1007
9	3	23	1509
-3	12	18	11559
13	2	14	3879
9	4	13	6564
-13	14	14	3755
-15	15	13	1074
-13	15	17	605
-11	14	20	1262
7	8	9	167
7	7	10	992
15	4	15	2796
1	4	20	1214
-1	4	17	361
-3	5	18	397
1	11	22	751
17	1	9	145
13	2	11	356
-1	12	18	3564
-5	13	18	3860
-7	10	26	4027
11	5	22	1826
5	6	29	1214
7	6	29	127
5	6	31	198
3	6	31	299
5	2	16	428
-3	9	12	4393
3	3	21	67
-7	12	24	5186
-9	15	15	197
-7	14	16	1210
17	3	8	745
19	3	6	257
13	6	10	1638
-17	14	14	1461
-1	12	20	1243
-3	13	19	592
-3	13	17	1494
3	10	21	4063
7	8	22	2086
5	9	23	1120
3	10	22	2126
1	11	20	4114
11	6	20	1569
-1	11	12	1567
1	10	12	1806
3	9	9	147
5	8	10	1025
1	11	16	6992
7	5	13	7021
-9	12	24	3416
17	4	7	409
19	3	4	40
17	3	6	64
13	5	8	304
9	8	16	2322
-3	9	10	715
-1	8	10	1228
-1	7	12	4007
13	5	7	171
11	7	13	3126
-7	10	27	1752
-3	11	27	1231
-17	13	8	781
-15	12	7	208
-13	11	8	305
-5	10	8	111
-7	11	9	128
-1	5	21	1976
-3	6	13	3141
-3	10	12	3291
-5	11	10	489
-7	11	10	832
3	3	16	1271
-13	14	13	1908
1	9	10	582
1	4	15	2337
13	2	12	1163
15	5	13	907
7	7	11	3391
-5	11	27	2516
-1	6	13	4721
-1	8	9	224
-7	10	28	472
-3	8	29	1261
17	3	13	1464
17	3	12	2093
5	6	10	705
13	5	19	761
9	5	10	1217
-1	9	32	266
1	8	31	779
-1	9	34	24
7	6	26	3932
-19	15	11	490
-5	12	12	794
7	8	23	918
3	6	9	254
-13	14	17	2574
-15	14	11	1023
-5	10	29	1173
-3	10	28	3699
-11	12	22	3860
-3	6	23	762
-1	6	27	370
1	8	11	1649
-13	14	12	1146
-11	13	11	538
1	6	11	1430
-1	9	28	7216
-5	9	29	750
-9	11	26	595
-1	7	9	257
-3	8	11	1867
7	5	11	1184
15	4	10	2449
13	4	8	187
11	5	9	507
-1	10	30	213
-3	10	30	710
15	4	8	266
-15	14	13	2844
-13	11	18	1745
-13	10	15	1174
7	4	13	4449
3	10	13	3158
9	2	11	41
11	2	11	126
13	1	11	175
11	2	10	107
9	3	11	392
7	6	27	1666
5	3	14	1283
-15	13	15	6138
-1	12	19	2355
7	2	18	1163
9	2	20	1046
1	11	13	1380
3	11	13	643
-5	9	10	753
-1	7	10	577
13	1	17	531
7	8	11	1648
15	4	7	213
17	3	9	1223
19	2	8	546
3	11	16	1237
1	12	16	429
3	11	17	780
-1	5	11	80
-7	13	24	395
-5	13	24	29
-5	12	25	1428
-3	13	12	78
-5	13	12	190
5	2	14	326
3	3	13	385
11	2	16	4203
5	3	20	2513
-3	6	9	46
-7	7	17	1616
-9	8	16	2260
-5	13	20	2590
-5	13	14	1200
7	6	10	1166
-17	14	9	543
-17	13	10	2207
7	4	26	1006
-13	13	10	630
-5	6	16	1752
1	4	21	672
-1	4	15	563
-3	5	12	355
-5	7	10	397
7	2	14	828
1	4	16	2982
-3	7	11	1453
-5	10	11	1949
3	5	27	1200
5	4	26	509
3	5	28	476
5	4	25	1476
13	1	19	145
15	1	17	275
17	0	14	50
-3	8	30	478
-5	9	30	305
-7	13	13	1184
-7	12	11	824
-11	13	22	1578
-5	7	24	418
1	12	14	468
5	10	14	1824
-1	12	15	2473
5	10	13	1369
-1	7	31	193
-9	9	10	1012
-7	9	10	1029
-7	8	11	1597
17	4	10	777
5	4	12	779
3	8	29	1249
-9	10	25	463
13	2	19	786
13	4	10	1030
11	5	7	94
11	4	10	539
-5	13	22	609
7	6	30	87
-9	13	22	2894
-13	10	8	445
-17	12	10	805
-15	11	13	954
7	4	12	1337
-1	5	14	3102
-3	5	14	1008
-11	14	12	612
-17	12	11	527
-9	12	12	2050
-15	14	16	2501
-13	14	19	874
-11	14	21	405
-9	13	24	560
-3	13	18	979
1	12	17	336
-1	12	21	689
-3	13	20	327
13	5	10	2212
15	5	8	660
3	11	14	1003
5	9	22	2469
3	10	23	707
3	10	12	1116
3	11	12	356
11	4	23	1412
1	5	24	2740
15	1	14	451
3	3	15	1030
1	8	30	1880
15	5	14	383
1	11	24	94
-1	12	23	23
-3	12	25	179
-1	5	13	1352
-3	6	12	1066
-7	11	28	745
-5	11	30	156
-7	12	27	394
-15	11	9	1141
-17	12	8	636
-7	14	17	670
-9	14	18	2556
-7	14	12	135
-9	14	12	314
-9	14	15	1357
11	5	23	642
9	5	27	233
-3	7	27	794
-5	12	27	185
-5	6	12	654
-5	6	15	1971
9	6	25	448
5	5	11	878
-1	11	11	168
-3	12	12	427
-5	6	19	322
-3	5	17	780
-1	4	18	149
1	10	27	379
11	7	17	726
1	7	31	595
-1	8	33	103
5	5	30	156
3	6	32	92
-5	12	11	538
-7	13	10	47
7	4	11	791
-5	10	10	672
1	6	30	206
11	2	13	1006
1	4	23	33
3	3	22	2
9	1	17	229
-7	11	11	1151
11	2	12	592
15	2	13	2670
-9	8	11	1339
5	9	10	392
5	3	13	790
7	2	17	707
7	1	15	83
3	3	18	968
3	6	11	1652
-11	13	23	819
-13	14	20	681
1	8	10	1244
9	3	26	64
-9	12	10	267
-1	4	16	522
-11	9	13	3192
-11	12	10	515
-5	9	9	638
-3	11	28	482
7	3	23	1003
7	3	24	393
5	4	27	185
9	2	17	1798
-1	8	31	815
-3	8	31	202
-1	7	32	39
1	7	32	267
-15	11	11	1592
-9	14	11	32
-11	15	11	65
-13	15	11	200
-11	15	16	152
-7	8	10	774
-7	9	9	582
-17	14	12	2346
7	4	9	151
5	4	11	497
-7	10	10	1129
15	2	17	811
11	3	10	314
-3	5	13	648
-1	4	12	103
-9	13	23	1372
-3	13	15	1048
-5	14	14	299
5	5	29	415
3	6	30	667
-1	11	13	2358
3	11	18	422
-3	11	11	528
-1	10	10	404
9	8	17	1409
-1	6	11	1084
-17	15	9	188
-19	15	7	78
-5	10	31	214
9	2	18	2520
-11	12	24	515
5	7	9	592
7	6	6	22
-15	14	18	730
-17	15	15	312
-13	12	20	1492
-9	8	10	621
-9	14	13	376
-13	15	13	648
7	5	10	798
-3	7	10	581
17	4	5	59
17	4	8	597
-15	15	17	328
7	9	18	919
9	6	9	560
11	6	9	648
3	4	13	1542
3	4	12	434
1	5	11	151
-1	5	22	846
-9	8	19	305
-11	9	18	303
5	10	18	794
-9	12	25	1421
9	2	19	1291
-5	13	23	168
1	6	28	1610
7	6	8	150
-13	10	16	449
-11	9	19	76
11	1	13	348
15	3	8	220
-13	10	17	150
11	2	19	1545
13	6	16	431
-5	7	23	1145
-1	9	10	675
-5	6	11	389
13	5	18	1806
-19	13	8	389
1	10	9	106
1	3	17	57
15	4	16	1392
-13	14	10	177
-1	7	30	469
5	8	29	81
7	8	25	70
9	7	24	53
11	6	21	527
9	8	10	535
-3	7	9	138
3	9	28	248
5	10	11	345
9	3	10	153
-1	12	14	1517
3	3	14	480
11	5	8	225
17	3	11	2311
-7	13	23	967
-9	14	22	183
-7	14	20	360
-5	14	16	435
19	1	8	131
1	3	15	230
-13	11	7	162
-11	10	8	308
1	8	32	303
-1	9	33	114
-19	13	7	349
-17	12	7	489
-7	8	23	931
9	7	8	54
-9	14	20	1058
-7	14	18	1138
-3	13	13	372
-7	7	10	315
9	5	9	377
-1	8	8	139
13	6	8	418
19	3	7	298
-5	7	11	889
11	1	18	127
9	2	21	365
3	4	25	186
1	5	26	395
-1	6	28	132
17	4	6	182
-11	9	17	698
-15	11	8	700
-5	12	26	550
-19	13	6	283
3	8	33	16
-11	9	7	43
-13	10	6	28
-11	14	11	92
5	7	29	744
3	8	30	431
-17	16	10	86
3	3	20	288
5	10	16	1777
15	1	12	267
13	1	14	270
17	1	10	235
-9	13	26	50
5	7	30	300
-13	10	9	909
-5	11	31	51
-3	10	34	5
11	4	9	331
9	4	9	263
7	7	9	552
5	2	19	81
7	1	17	14
1	11	12	785
7	9	10	289
-7	7	20	156
19	3	8	375
17	4	11	582
3	9	10	565
-1	13	16	221
-15	11	7	291
-11	11	9	495
1	4	13	684
7	4	27	399
9	8	18	653
-11	14	22	226
17	4	9	983
-11	13	10	324
-15	15	11	356
9	2	13	413
7	2	13	149
7	2	15	803
-13	12	10	1158
-7	14	19	608
-9	14	21	309
-19	15	10	223
1	6	10	427
-1	7	8	148
-7	13	11	260
-9	13	11	398
-15	13	8	229
3	4	11	221
5	7	8	135
-1	4	14	469
-5	9	31	54
-1	4	13	270
-7	8	25	61
-1	9	9	293
-3	13	16	1363
-11	10	9	606
-11	14	10	113
-1	11	26	373
-15	15	16	182
-17	15	12	331
-15	15	14	436
7	7	27	224
11	3	9	92
13	6	17	107
11	7	18	298
-1	12	12	227
-5	10	30	471
-1	8	32	311
-3	6	11	625
-5	10	9	291
-3	9	7	86
-5	9	5	18
-7	10	7	53
-5	9	8	127
-3	8	9	212
-9	11	9	315
-11	12	7	108
-13	13	8	115
11	7	8	104
-3	6	24	267
-1	5	23	382
-3	7	29	39
-3	7	28	232
-7	9	27	235
11	1	16	191
13	0	14	58
15	0	12	89
-15	12	5	21
-9	9	7	40
-11	10	6	34
3	5	11	565
13	2	10	178
3	8	31	191
3	9	30	22
-3	13	21	56
-1	12	22	247
1	11	23	382
5	10	19	312
3	11	19	183
-11	11	7	67
-9	10	6	27
13	3	9	147
11	3	11	523
-13	12	5	28
-15	13	7	47
11	4	7	88
-3	11	10	394
-11	15	18	141
-13	15	16	286
-9	15	17	256
-5	14	17	242
-11	15	13	345
-9	15	13	258
-9	12	27	142
-11	13	24	182
-13	14	21	114
7	8	24	252
5	9	25	101
-15	15	10	41
-17	13	7	130
3	6	10	539
-11	15	15	569
15	2	10	329
17	2	8	110
3	3	19	497
-21	15	7	271
-15	14	8	61
-3	10	31	272
7	2	20	331
11	1	19	159
-3	10	10	544
-9	10	8	287
-17	16	14	65
-9	9	8	58
-3	6	10	37
1	12	15	675
5	6	8	145
19	1	11	463
-19	13	4	47
-7	15	16	30
-5	14	15	296
13	1	18	131
-9	8	18	633
7	7	8	54
9	6	6	24
11	5	6	67
-19	14	7	303
-3	11	8	44
-11	15	12	39
-5	14	19	64
-7	11	8	93
-9	11	8	122
1	3	13	111
15	5	15	172
17	4	12	321
-3	10	9	260
-5	11	8	100
7	9	19	384
9	8	20	85
9	8	19	300
5	3	11	46
1	4	11	90
3	3	12	76
-5	12	28	38
-7	13	25	114
3	5	10	367
1	5	10	164
1	8	9	221
1	9	8	119
3	11	20	45
5	10	21	47
7	9	20	132
3	11	11	73
-7	14	21	84
-1	10	7	32
-5	12	9	72
-3	12	11	223
15	5	7	261
5	5	8	96
7	5	6	13
7	2	12	147
1	9	33	23
13	3	20	1491
-17	15	10	192
3	5	29	175
5	6	9	273
-7	10	29	143
11	7	9	545
-9	10	26	197
-11	10	22	192
5	8	9	236
-7	12	29	32
7	5	29	208
1	4	22	231
3	10	9	50
19	0	10	88
9	7	23	275
-9	10	7	38
1	12	12	135
9	3	24	505
-7	14	13	137
-1	13	17	49
21	0	8	66
19	0	12	49
-1	10	29	585
3	8	9	225
-1	5	24	80
17	3	7	105
-5	14	18	164
7	5	8	120
9	5	8	115
-11	15	17	481
-3	14	15	64
-13	10	18	61
-9	9	23	249
3	7	9	299
-15	15	12	266
-11	13	9	105
-3	11	29	178
11	3	24	190
13	2	21	132
17	1	14	151
7	7	7	84
3	8	8	153
9	3	25	197
1	11	11	102
-13	15	12	131
-1	13	13	139
-7	8	24	241
5	3	12	205
-1	9	8	70
-11	15	19	127
1	9	31	185
-19	16	8	73
-13	15	14	275
-9	13	25	182
1	10	28	118
9	4	28	45
11	3	25	74
9	3	27	24
7	4	29	46
-9	13	10	146
7	4	28	128
11	2	21	391
9	1	18	88
7	5	9	153
9	5	7	13
-9	12	26	572
-7	10	30	73
-9	11	27	213
-7	11	30	44
-5	7	25	73
-7	8	26	20
-3	6	25	95
5	5	31	56
7	9	22	16
9	8	21	24
-21	14	6	158
5	9	24	379
1	12	18	156
-5	6	20	95
-3	5	19	184
-17	12	6	167
-11	13	25	97
-7	12	26	988
-3	10	33	28
-11	15	14	155
-1	9	7	48
1	9	9	235
1	6	9	219
-17	13	6	54
11	2	25	13
1	5	28	16
-5	8	8	149
-7	10	9	391
-1	12	11	89
3	2	14	74
-7	12	10	110
21	2	5	131
15	3	9	387
17	1	12	310
-7	8	8	57
19	3	9	311
9	7	25	24
21	2	6	184
11	3	8	43
15	1	9	19
-17	12	5	52
-21	14	3	30
-3	12	26	23
-3	8	33	21
-5	9	33	11
-7	9	29	28
17	1	15	286
-15	16	10	46
-1	10	31	62
-1	11	27	109
-13	12	7	85
13	0	12	47
5	3	23	137
11	7	19	98
-5	14	13	51
-9	15	14	90
-5	11	29	431
-7	9	7	86
-5	14	12	55
17	3	4	12
7	4	10	117
-9	12	28	56
-15	12	6	36
-17	13	4	18
9	8	9	202
-19	15	8	118
1	12	13	264
-17	14	7	49
-15	13	6	59
-7	15	14	30
5	6	32	47
3	6	35	10
5	5	33	7
7	4	30	26
5	4	28	55
1	5	27	113
-1	6	29	38
-3	7	31	9
-3	6	26	11
5	8	8	128
1	8	8	129
5	2	13	58
-9	8	8	33
-5	7	9	56
-5	11	32	17
-3	14	14	98
1	3	16	212
-7	9	8	67
-3	8	7	24
-19	16	12	54
1	7	33	104
3	7	7	70
-7	11	29	225
-17	16	16	5
-23	16	4	33
5	10	20	116
3	10	24	259
-5	15	14	13
-1	13	14	158
17	0	10	88
-13	14	22	95
-7	15	17	27
-9	16	16	1
-11	16	16	41
-13	16	16	51
-5	10	32	33
5	4	10	85
1	7	8	86
-5	11	9	34
-13	14	11	333
-7	15	13	79
-3	9	32	168
11	7	21	10
-1	13	11	12
13	0	16	41
15	0	14	101
1	10	29	39
3	10	25	93
3	9	31	5
-1	13	15	244
3	7	8	80
5	2	18	142
-13	16	14	86
5	5	9	33
-3	9	8	71
-3	8	32	58
5	8	28	198
5	2	15	284
1	9	32	41
-1	4	11	33
13	6	18	55
-1	10	9	200
-7	11	31	24
-1	11	10	152
13	6	7	63
-5	13	11	52
9	1	14	104
11	1	14	153
-11	11	6	61
-1	13	12	28
-9	14	23	49
-13	15	19	128
-7	12	28	120
1	10	10	96
-17	15	14	166
3	7	32	195
-13	14	9	22
-15	16	14	116
9	1	19	33
11	1	21	15
3	2	15	67
15	4	6	36
19	3	5	85
9	2	23	42
7	8	26	14
1	12	19	21
9	4	10	232
3	6	8	45
1	9	7	31
-5	7	26	34
-3	11	30	41
-1	10	32	27
3	4	26	32
1	4	12	200
5	6	7	57
-9	9	24	53
1	3	14	159
3	2	13	14
13	1	12	133
-9	15	16	43
-9	9	25	40
-3	9	33	71
-3	11	9	27
-1	7	7	36
1	7	7	40
-7	9	28	48
-5	8	29	73
11	1	20	16
-7	15	15	86
-15	16	16	50
-13	15	18	118
3	7	33	91
9	8	8	46
-9	15	18	78
1	8	33	110
-17	14	8	106
19	2	6	61
21	1	5	41
-3	13	22	3
-5	14	20	6
-7	15	18	5
-11	9	8	99
-1	6	9	96
-13	16	12	68
-5	6	10	26
21	0	6	37
7	9	21	38
7	6	7	66
19	0	8	73
1	11	10	63
3	11	10	37
3	10	10	50
13	4	7	80
-13	10	7	53
21	1	6	120
-3	9	34	45
9	6	8	287
-15	15	9	45
-3	5	11	64
11	1	12	39
-3	5	20	44
-5	15	13	18
-9	14	10	38
15	2	8	77
3	9	29	62
7	3	25	117
11	7	20	10
-23	15	3	34
-9	15	19	35
-21	14	5	116
-19	13	5	90
5	9	9	66
-7	10	6	26
19	2	5	24
19	1	7	62
-3	10	7	20
-17	14	6	35
9	4	27	138
17	0	12	134
-5	12	10	83
-11	14	24	25
-13	15	21	5
11	2	24	27
13	1	21	11
15	1	19	38
7	5	30	56
-9	13	27	24
-21	15	6	98
-9	12	7	36
7	1	13	70
-21	14	4	50
-1	6	10	92
5	4	29	7
-1	7	33	17
13	3	7	11
9	4	7	20
23	1	3	57
5	2	12	57
15	1	18	42
-11	16	12	38
25	0	0	13
1	6	7	25
7	8	8	62
1	7	34	26
-11	16	14	22
3	5	8	51
13	0	10	11
15	1	16	150
1	6	8	21
11	7	7	29
-9	16	12	12
-1	8	6	28
11	0	16	25
7	1	18	7
1	8	34	51
-9	11	7	13
-7	10	8	138
-15	11	6	35
13	6	6	27
1	12	11	38
-1	8	36	6
13	5	6	66
9	7	7	50
-5	6	21	41
-7	7	22	13
-7	8	28	1
-1	8	34	46
-5	10	7	37
-3	7	30	30
-5	8	32	2
15	4	5	30
21	2	3	15
3	2	12	26
11	4	8	41
-1	4	19	22
-3	10	32	98
9	5	6	45
13	3	8	113
-11	14	23	16
1	6	32	23
-7	7	9	32
5	9	27	14
9	2	10	42
17	2	7	41
21	2	4	40
7	2	22	7
5	3	24	22
-7	13	9	11
5	7	5	11
-5	7	8	10
7	7	28	47
7	3	26	27
-19	14	5	29
-15	15	18	27
15	3	6	65
-21	15	5	39
-1	5	10	69
7	9	9	30
7	1	14	28
-9	8	21	45
1	3	12	24
-11	13	8	29
15	5	6	33
-5	10	34	10
5	4	9	63
17	2	6	37
15	3	7	58
5	7	7	42
1	9	34	7
-9	16	14	9
11	6	6	19
-1	7	34	13
1	8	35	17
15	0	10	36
-3	14	12	16
15	0	16	30
-9	8	20	78
-3	7	8	25
-3	13	11	21
3	5	31	9
3	8	36	2
11	6	7	20
-5	6	9	28
9	1	16	39
3	6	7	34
-13	14	8	29
5	2	20	4
3	7	34	24
-5	9	7	40
-9	13	9	23
-3	5	10	32
-7	12	30	28
1	11	25	4
3	10	26	17
11	2	23	13
13	2	8	24
15	1	10	35
-1	10	8	16
-1	5	25	2
-1	8	37	4
1	7	38	2
-11	9	21	9
3	5	30	46
-3	8	6	21
7	5	31	24
5	6	34	10
-13	16	10	9
1	6	31	81
13	4	5	21
-7	13	26	20
9	6	7	50
-9	12	8	9
-7	11	6	13
23	1	2	11
-3	10	8	40
-5	7	27	3
-13	11	6	32
5	1	13	16
-5	6	22	6
-11	12	8	31
-21	16	6	29
1	9	35	1
5	10	9	22
7	3	9	8
-5	11	33	11
-9	11	6	43
3	8	7	32
11	0	12	27
5	5	32	24
-1	9	36	6
9	3	9	18
13	2	9	22
-1	11	28	22
-5	8	30	14
5	9	26	29
3	5	9	20
3	9	8	21
5	9	8	10
-7	16	12	2
1	7	37	1
5	1	14	8
5	10	10	28
-1	9	35	15
7	1	16	34
-5	12	29	5
-7	13	27	1
-7	12	31	4
-9	13	28	11
17	0	16	9
-9	8	22	9
3	8	6	35
-7	7	21	35
5	8	30	14
-11	15	20	12
3	6	33	21
15	5	5	15
-15	15	19	42
3	3	11	15
5	7	32	12
1	12	20	1
-1	13	18	6
-3	14	16	9
-13	13	7	15
1	8	6	29
3	6	34	11
9	4	8	14
7	3	10	57
-17	16	8	11
-23	15	2	17
-11	10	7	21
7	4	31	4
5	10	22	7
9	2	24	9
15	0	20	4
13	0	18	5
-11	9	20	19
-11	14	25	10
-3	14	13	13
-5	9	32	15
-3	8	34	4
-3	11	31	8
17	0	8	6
13	1	23	8
1	7	35	6
-11	15	21	13
5	6	33	8
9	0	14	11
-7	7	8	10
13	1	22	7
9	3	28	13
3	8	34	2
7	0	12	3
-1	8	35	19
3	7	37	3
-3	10	35	11
1	7	36	2
1	6	33	7
1	4	24	1
3	2	16	9
11	0	14	13
-15	11	5	14
7	9	8	12
-11	14	26	3
-13	15	23	9
1	8	37	4
1	8	36	4
7	9	23	4
9	8	22	5
9	0	12	4
-9	14	24	6
-7	14	22	4
-1	10	33	5
5	8	32	3
1	3	18	3
-25	16	0	5
3	6	36	2
-5	10	33	4
-3	9	37	3
-1	8	40	1
-13	16	18	4
3	11	21	2
11	2	26	3
1	10	30	4
1	3	11	3
7	8	28	2
-3	8	36	1
-13	15	22	2
-15	16	20	1
-7	7	23	1
-1	9	37	1
9	3	29	1
-1	7	35	2
-9	13	29	1
-3	5	21	1
-3	9	35	1
