23	0	4	43
21	1	7	268
19	2	10	933
17	2	12	2516
15	3	15	6018
13	4	18	7809
11	4	18	28279
9	5	19	57167
7	5	21	61258
5	6	20	132853
3	6	20	127309
5	5	21	65612
9	4	20	30652
7	4	20	33521
5	5	20	78137
7	5	18	79041
5	6	18	111387
3	7	21	171098
1	8	22	165046
3	8	22	102145
5	7	19	131363
7	6	18	96458
5	7	18	115713
3	7	16	63871
1	7	16	59481
3	6	16	47037
5	5	17	48832
7	5	17	59711
7	4	18	34506
9	3	16	10694
11	2	15	2422
9	2	15	1388
7	3	16	6597
5	4	15	9268
3	5	17	33910
1	6	16	36279
3	6	14	15176
5	6	14	19033
-1	7	19	119865
1	6	17	57516
-1	7	18	99558
5	7	14	20982
3	7	14	20180
5	6	11	1992
7	6	11	2516
5	7	12	4945
3	8	12	5827
5	8	12	5122
7	8	12	4071
5	9	13	5005
3	9	17	48772
5	8	16	46838
7	7	16	49282
7	7	19	63320
5	7	17	94656
3	7	19	168878
1	7	21	169123
3	6	22	100147
1	7	23	112328
-1	7	21	114760
5	5	23	34673
7	5	23	28600
5	6	22	94686
3	7	23	108649
1	8	24	88805
-1	8	24	87997
-1	8	26	33164
-3	9	27	13595
-1	8	27	17467
-3	9	25	45135
-5	9	21	110736
-3	8	20	141139
-5	8	18	70422
-3	8	16	63588
-5	9	17	94263
-3	8	18	120216
1	7	19	161148
3	6	18	100326
1	7	20	174072
-1	8	21	185806
-3	9	22	141882
-5	10	23	68494
-1	9	27	14887
-3	9	24	73506
-3	8	21	125487
-1	7	20	122901
1	7	22	143788
3	7	22	142111
-1	9	22	144050
1	9	22	91399
-1	9	24	76440
1	8	23	124742
1	8	21	186525
3	8	19	134545
1	9	19	120084
3	8	20	141038
1	9	23	66687
-1	10	22	63779
1	9	20	121562
3	9	18	57328
5	9	16	17261
7	8	16	22364
7	8	15	17516
9	8	13	2888
11	7	11	2145
13	6	11	2295
15	5	10	1579
13	6	9	803
15	5	11	1639
13	6	13	2389
15	5	12	1656
13	6	15	1165
11	7	16	1512
13	6	14	1774
11	6	18	7638
9	7	19	9963
5	7	21	110785
5	8	19	68592
-1	9	20	174028
-1	8	23	124546
3	6	19	122904
3	5	16	26160
5	4	16	12994
5	4	20	22352
7	3	17	8681
9	3	19	12980
7	4	22	17337
9	3	21	6145
7	4	24	5232
5	5	26	5713
3	6	23	73957
1	7	24	76715
5	5	19	74655
9	3	15	7191
7	4	16	20013
1	5	17	19853
-1	6	17	34501
-3	7	16	35575
-5	8	15	28981
-7	9	16	49546
-5	9	16	62005
-3	8	17	86768
-5	9	18	116339
-7	10	17	82147
-3	9	18	136278
-1	8	17	99652
-3	9	17	103445
-5	10	15	34869
-7	11	16	46632
-9	11	16	48693
-7	11	20	78617
-5	10	20	133141
-3	10	20	128407
-1	9	19	161597
1	8	20	197020
1	8	18	148521
-1	8	14	24030
3	8	16	63563
5	7	16	61605
3	8	15	34201
1	9	18	100183
9	6	15	35446
11	5	15	28008
7	5	19	80636
5	6	26	13416
3	6	24	48599
5	6	24	43046
5	6	23	69024
3	7	24	73750
3	7	26	25309
1	7	26	28263
3	6	25	29836
-3	10	21	122803
-5	11	19	75017
-7	11	19	80959
-5	10	18	110870
-7	11	21	61726
-9	12	20	30693
-7	11	23	28790
-9	12	21	21410
-7	11	22	45368
-5	10	25	24762
-3	10	25	29537
1	8	25	55489
3	8	21	124964
3	8	18	119838
7	6	20	90631
5	6	16	56916
1	7	17	96190
-1	8	20	196377
-3	8	22	101882
-1	7	23	67009
-5	9	25	19221
-7	9	21	35687
-3	7	15	23468
-1	7	15	31097
-9	11	14	21056
-11	12	15	24193
-13	13	14	10071
-11	12	16	28683
-13	12	12	5712
-11	11	11	3304
-9	10	14	22733
-7	10	18	96550
-5	9	19	131454
-5	9	13	13416
-5	8	12	5042
-3	8	12	5923
-1	8	12	5770
1	7	9	282
3	7	11	2734
5	7	13	13448
7	6	12	6000
9	6	12	7403
7	7	14	20424
7	7	15	36403
9	7	11	2965
3	8	17	86611
1	8	17	99472
-1	9	16	59508
1	9	16	49773
-3	10	17	76449
-3	10	19	122456
-5	11	20	78556
-7	11	18	79396
-5	10	17	86895
-3	10	23	73575
-1	10	23	45107
1	9	26	13319
3	8	25	26704
5	7	25	19448
3	8	26	14232
5	8	26	1856
7	6	24	17545
5	7	24	35506
3	8	23	72104
-5	9	20	128457
-11	12	17	33115
-3	9	14	20349
-1	9	14	18521
1	9	12	3896
-1	10	13	6544
-3	11	14	9072
1	10	15	16776
3	10	15	8880
5	9	15	13640
5	8	20	61719
1	10	19	43262
-1	11	18	24353
-3	11	20	53298
-7	12	23	10185
-5	11	24	20928
-1	10	25	16112
1	9	25	25251
3	9	23	18496
5	9	21	5463
3	10	20	7038
1	10	22	22043
-1	10	18	72632
1	10	18	40803
3	10	16	11711
3	9	11	1513
5	8	13	8917
3	8	13	9616
3	8	10	1180
1	8	12	5712
3	7	12	4280
5	6	13	9887
1	8	14	24057
-1	9	15	37465
-3	9	15	41052
-1	8	16	71229
-1	8	18	147720
-3	9	20	178878
-1	9	23	111925
3	7	17	103629
-1	8	22	164712
-3	9	23	107855
-5	9	23	57275
-1	8	19	174948
1	8	19	174352
-3	8	23	71866
-1	7	24	42830
-5	9	22	84407
-3	8	24	47173
-7	10	19	102126
-9	11	20	47973
-11	12	18	27868
-13	13	17	10959
-15	13	17	1947
-17	13	13	1603
-19	13	9	337
-17	12	12	384
-15	11	14	429
-13	10	14	1758
-11	9	14	2948
-13	10	11	2394
-11	9	12	2754
-9	9	16	21769
-7	8	17	21931
-5	7	17	19652
-3	6	18	13346
-3	7	19	61472
-1	6	18	41244
-5	8	21	45964
-7	9	20	51669
5	6	19	132648
9	4	22	13440
7	5	22	45962
9	4	21	21097
11	4	17	33310
9	5	20	48374
11	5	18	27321
9	6	19	43379
7	6	19	102772
9	6	17	53332
7	7	18	67110
1	9	24	42759
3	9	22	29627
5	8	21	46256
5	8	17	58375
3	9	15	23231
1	10	16	24051
3	9	19	61645
5	8	18	69666
-1	10	19	86811
-3	11	18	47155
-1	10	20	89662
1	10	17	34137
7	7	17	62712
9	6	16	46294
5	8	15	29002
7	7	13	12715
11	6	11	3219
9	6	13	12879
7	6	13	11271
5	6	17	86672
3	6	15	30262
5	5	18	68574
7	4	21	25729
5	5	24	20672
7	5	26	3896
5	6	27	6839
3	7	25	45557
1	7	25	48584
1	6	24	28707
7	6	22	49667
5	7	23	58207
3	8	24	47249
1	9	21	114313
-1	9	26	28115
-3	10	26	16205
1	10	24	6582
5	9	17	19492
7	9	13	2289
9	8	14	3160
7	8	17	22080
9	6	18	50304
5	5	15	19026
1	5	15	8747
3	5	19	51392
1	6	18	72738
3	5	21	44281
1	5	21	17044
-1	6	20	40093
1	5	19	25028
-3	7	21	44419
-9	10	19	42902
-5	9	24	35592
-1	8	25	55367
-3	8	25	26919
-1	7	22	91291
1	6	21	82017
-3	9	19	167938
-5	11	22	52115
-7	12	21	25322
-9	12	19	38170
-5	10	22	94438
-1	9	21	169900
3	7	20	177965
5	7	20	128223
11	5	12	7615
9	5	16	49342
7	5	20	79148
7	6	16	59126
9	6	10	1439
9	7	13	10933
11	6	10	1910
15	4	14	4601
11	5	17	31920
7	7	21	36004
-1	10	24	28396
-3	10	22	99839
-5	11	17	48001
-7	12	20	33366
-9	13	19	12865
-7	12	22	17035
-9	12	22	13347
-11	13	19	11367
-9	13	17	13083
-7	12	18	34319
-9	13	15	7260
-11	13	17	15833
-7	11	17	59846
-5	10	19	132848
-1	10	17	57294
3	9	20	55273
7	8	13	7150
11	6	12	7262
9	6	14	23189
7	8	14	13394
-3	10	15	29601
-9	11	17	57563
-3	8	19	134854
-3	9	21	169981
5	6	25	24889
3	7	28	6864
1	7	28	7289
3	6	27	8098
-1	7	28	2922
1	6	27	3714
5	5	25	11282
9	4	24	3487
11	4	22	3867
7	5	27	1736
5	6	30	496
7	6	28	518
5	7	28	1846
3	8	27	6820
5	7	27	4576
7	7	23	11707
9	6	24	1695
7	7	25	2228
3	9	21	44116
5	9	12	2458
7	9	17	1581
5	8	22	30949
1	9	17	76510
-1	9	17	95341
-3	9	13	11747
-5	10	16	56813
-5	9	11	2922
-7	10	11	2503
-9	11	12	5525
-9	11	18	64825
-13	13	16	11520
-15	13	14	6528
-13	12	14	14845
-11	11	15	28102
-13	11	13	10159
-11	10	15	17507
-9	9	18	14996
-13	11	14	11590
-9	10	17	53460
-5	8	17	58748
-5	9	15	41721
3	5	18	47042
1	6	20	89671
3	4	16	7554
-1	6	15	17028
-3	6	17	13245
7	6	21	73433
5	7	22	84037
5	5	22	52247
3	6	21	121899
7	4	19	38391
9	3	18	13037
11	3	16	14070
9	4	17	38313
1	7	15	37436
3	7	15	41003
-1	9	18	127690
-1	10	15	23621
-5	11	18	68335
-1	7	17	76679
-1	6	19	43553
5	4	17	19915
7	3	18	8412
7	4	17	30689
9	5	14	21019
5	7	15	41494
-5	9	14	20955
-1	7	16	49602
-5	7	12	2436
-3	7	12	3219
-5	8	9	222
1	6	15	23940
3	4	18	11523
-3	7	17	49364
-7	9	17	62160
-5	8	16	46842
-7	8	14	13408
-9	8	12	2609
-9	9	13	10901
-9	10	15	35783
-9	11	19	57045
-7	10	20	90185
3	7	30	1290
1	7	30	1511
3	6	29	1717
1	8	27	17278
-1	9	25	48329
1	8	26	32774
7	6	23	32458
7	5	24	16718
3	8	14	22041
-1	11	16	16024
-3	12	17	10361
-5	12	19	25541
-7	13	18	8658
-5	12	21	17324
-9	13	20	8465
-7	13	20	6165
-9	14	17	1796
-11	14	17	2852
-3	12	19	11372
-3	11	22	33374
1	10	20	39703
-1	11	19	24422
-3	11	19	51446
-1	10	21	81585
-5	12	18	23153
-3	10	18	99680
-3	9	16	63513
1	8	16	71126
-5	10	21	120844
-9	11	22	19150
-7	11	24	16632
-5	10	27	6656
-3	9	28	6726
-5	9	26	9815
-3	8	27	7103
-1	7	26	13450
-3	9	26	25350
-1	6	23	12503
1	5	22	11114
-1	6	24	6555
3	5	20	53119
5	4	19	25530
5	3	17	4299
3	5	15	13548
1	6	19	87186
-3	7	18	57148
1	6	14	11346
-1	6	14	8174
3	6	17	75566
3	7	18	136053
-5	10	24	42417
-9	12	18	39498
-5	11	21	65480
-3	11	23	21713
5	6	21	120829
9	5	22	19354
7	6	25	8567
5	7	26	9982
3	5	13	3072
5	4	13	2631
7	4	15	14183
9	4	11	1384
7	5	14	16532
7	6	15	38674
5	8	14	18883
5	6	12	4641
9	7	12	5058
5	7	10	758
7	6	9	333
1	7	27	15121
-7	9	18	66991
-3	11	17	33989
7	7	20	51168
-3	10	16	47482
-5	11	16	37004
9	7	16	21628
11	7	12	2745
9	8	15	2911
11	7	15	2357
7	9	15	2770
5	10	17	1323
9	8	12	2458
9	7	15	20374
-7	10	16	58929
-7	10	22	49432
-5	8	20	60941
-7	9	19	63108
-9	10	18	50211
3	10	18	13142
1	11	19	5955
-1	11	23	6028
-3	12	21	6397
7	4	14	6370
9	4	19	38435
9	4	23	6822
9	5	21	31493
11	4	19	21326
13	3	19	4201
9	6	20	29693
11	5	14	21967
7	6	17	82255
9	4	18	39696
9	5	17	57528
13	4	17	11876
1	6	22	63105
1	6	23	45045
-5	8	14	19202
-7	9	15	36666
-7	9	12	5212
-5	7	16	17120
-7	8	15	17533
-7	8	21	4584
-5	7	21	5305
-7	8	18	19121
-5	7	19	14161
-3	6	19	10748
3	5	22	33287
5	4	22	11628
1	5	20	23039
-1	11	21	16597
1	10	14	8230
-1	10	16	36521
-1	11	17	19548
-3	11	15	13365
1	7	18	127689
-3	8	15	34345
-7	10	12	5964
-5	10	14	18750
-3	8	8	160
-5	8	10	1048
-7	9	13	12706
-11	10	12	7306
-13	10	10	1664
-13	11	11	4472
-15	12	10	2452
-15	13	13	6578
-13	12	16	15610
-15	12	12	5304
-13	11	15	9708
-11	10	17	12194
-7	10	15	38888
-9	10	13	13025
-7	10	13	11336
1	6	25	15947
-3	7	24	9824
-5	7	22	2622
-3	7	22	29810
-5	8	22	31120
-3	6	20	7124
-1	5	19	6130
3	4	22	3460
13	4	16	15633
3	5	23	21600
7	5	16	46326
11	5	19	17617
9	4	14	9539
9	3	17	13524
11	3	15	10817
13	3	13	5747
5	5	16	37084
1	8	15	36832
1	9	15	30947
-3	10	13	8186
-5	11	14	12357
3	9	24	9788
5	8	27	689
7	7	26	897
9	7	22	1019
7	7	24	5781
5	8	25	4338
-1	9	13	10421
-3	10	14	15232
-1	10	12	2392
1	9	11	1943
-1	11	24	2837
1	10	21	31909
9	6	22	9505
5	8	23	17916
-1	7	13	8905
5	3	15	2387
7	3	15	4447
13	2	13	1785
11	3	12	1797
13	3	10	649
-7	12	16	19847
1	7	11	2236
3	6	12	3323
-1	8	15	36811
-7	12	17	30550
-9	12	15	20313
-11	12	13	9427
-9	11	10	1298
-7	11	12	4297
-9	12	13	6438
-9	12	9	250
-7	12	9	154
-5	11	11	822
-3	11	13	3109
-5	11	13	4556
-7	12	14	6254
-9	13	12	917
-7	13	12	542
-9	13	14	4357
-7	13	16	6418
-5	13	16	3307
-7	14	15	754
-5	13	17	4157
-7	13	19	8637
-5	12	20	22430
11	3	19	11452
9	5	15	30782
9	5	18	65100
9	7	20	5771
11	6	16	15638
13	5	15	9718
1	9	27	6520
-5	11	15	19132
3	9	16	35348
1	7	29	3501
3	6	28	3682
5	5	27	2435
3	5	25	6457
5	3	19	3824
9	2	16	2681
7	3	19	8596
5	4	18	23259
11	4	15	24208
9	4	15	19772
5	6	15	35313
-7	10	21	73034
-11	12	20	14875
7	8	20	9040
9	7	17	19832
5	9	14	8737
3	9	14	13437
3	9	13	6863
-1	12	17	3746
-1	11	20	23250
-5	12	17	19832
-1	11	15	8549
-3	12	16	7327
-7	13	17	8489
-3	11	21	43305
11	3	17	16026
13	3	16	11399
15	3	14	6436
3	7	27	13462
-1	8	28	8895
9	4	26	548
11	4	24	507
9	5	26	653
7	5	28	717
9	4	25	1467
7	4	25	2364
-7	10	23	32377
-11	11	18	27058
-13	12	17	11974
-11	11	20	10615
-11	13	18	13093
-11	12	19	21220
-13	12	15	18118
-15	13	12	5382
-9	9	15	20298
-7	8	16	22341
-11	10	16	15806
-9	9	17	19526
1	8	13	9545
3	8	11	1817
1	9	14	16205
-1	10	11	1442
1	10	11	1122
-5	8	24	9085
-7	8	22	2067
-9	10	16	45903
-11	11	13	12188
-11	11	12	7582
-13	12	13	11872
11	5	20	10800
11	6	17	12199
13	5	17	4118
11	6	22	208
9	6	26	151
7	7	29	26
1	9	28	2847
-5	10	28	2849
-7	11	26	3838
-5	11	28	1105
-3	11	26	3062
-1	10	28	1677
-7	11	15	24844
-11	11	16	34848
-3	10	27	7850
-3	11	16	26345
3	10	19	10918
5	10	15	1978
7	9	14	2619
3	10	17	13257
1	11	15	4462
-3	10	24	48123
-5	11	23	33965
-3	11	25	6436
-1	10	26	8008
-3	11	24	12848
1	9	13	8872
1	7	14	19049
-1	9	11	2261
-7	9	14	20122
-3	6	22	1980
-9	11	13	9704
-9	11	15	30685
-7	9	22	21964
-9	10	22	9518
-7	9	25	2210
-5	8	25	4322
-3	7	26	1839
7	8	19	14053
5	9	20	9367
-1	8	30	1819
1	8	28	8809
-1	9	31	578
-3	10	29	1632
-1	6	25	2961
1	5	23	5970
-1	6	22	21759
3	4	21	6572
3	6	26	16186
-7	11	14	16732
-9	12	16	26987
-17	14	10	1265
-5	12	13	2518
5	3	16	3227
7	3	20	6110
9	3	20	8646
11	3	20	5963
13	3	18	5938
15	2	15	2298
13	3	14	10082
11	4	13	9419
13	4	13	11828
11	5	16	35359
7	5	15	25167
11	4	14	13810
7	6	14	22343
3	7	13	11959
9	7	14	15460
13	4	9	896
11	4	11	2448
15	3	10	1463
13	4	12	5624
11	4	16	28851
13	3	15	12098
15	3	13	6548
13	4	14	14961
9	4	16	26715
11	2	18	3599
13	1	16	293
11	2	17	2821
-3	7	20	55477
7	8	18	19320
5	9	19	14410
1	10	13	4768
3	9	12	3210
-3	6	21	4106
-3	7	23	18452
-3	7	25	4497
-5	8	28	175
-5	8	23	18066
-3	12	15	5407
-1	12	13	702
-3	12	13	1602
-5	13	13	782
-7	14	14	782
-9	14	14	1388
-7	13	14	2267
-5	12	14	4237
9	7	21	2466
-3	9	29	2975
-1	8	29	4034
-9	10	20	29726
-5	7	15	13450
-7	8	12	4042
-9	9	9	532
-1	8	11	1675
1	7	10	651
3	7	10	682
-7	12	19	38188
-9	12	17	38584
-11	13	15	10727
-9	13	13	2004
-7	12	15	14312
-11	11	19	17403
-17	13	11	2401
-19	14	10	980
-15	12	11	4728
-13	11	10	2299
-11	10	11	3253
-11	11	8	240
-9	10	11	2884
-9	13	16	10306
11	3	18	13182
13	2	15	3498
11	5	21	5161
7	7	12	5196
9	7	10	1007
1	11	21	1909
-1	11	25	1048
1	10	23	12489
-9	12	14	9513
-11	13	16	14161
-13	13	15	11926
-11	12	14	13658
-5	7	18	17804
-9	10	21	18666
-5	11	25	11395
-11	11	17	32048
-9	11	21	31444
-11	14	18	3584
-13	14	16	5039
-5	10	26	13384
-1	10	14	11543
-5	8	19	68558
-1	11	14	5999
-11	14	15	2333
-9	13	18	13051
-13	14	15	3551
-15	14	15	2386
-17	15	13	802
-15	15	15	834
-11	12	21	7588
-13	13	18	6070
-1	6	21	32033
-9	9	20	5521
-1	7	14	16734
-5	8	13	8977
-13	12	11	3440
-13	13	12	3457
-7	13	21	4354
-5	13	21	1382
-3	12	20	9364
-15	12	14	4562
-13	11	17	4007
-13	12	18	7811
9	5	12	5403
7	7	22	21927
-3	8	14	22351
-9	9	14	15261
-7	8	19	13897
-9	8	17	1410
-11	9	16	1471
-11	10	18	7602
5	9	18	17466
13	4	15	18408
13	3	17	10988
-1	6	16	23874
1	5	16	15671
3	4	15	5303
1	6	13	6583
3	6	13	8190
1	7	13	10463
9	6	11	2815
-11	10	10	1958
-3	8	26	14226
-1	11	22	10952
-3	12	22	3415
-7	11	25	8348
-9	11	25	1882
-3	11	12	2159
-5	12	15	9338
11	4	12	3536
-3	10	11	1563
11	6	8	255
11	5	11	3331
-5	10	13	9764
-9	9	11	2992
-11	13	14	7170
-9	14	16	2697
-5	13	19	3692
-3	9	11	2641
-1	8	13	9582
-5	7	20	9321
-1	9	29	3523
-3	9	31	559
1	9	29	1206
3	9	27	808
1	10	25	3066
-1	10	27	3736
-5	11	26	5753
-15	12	13	6102
-13	10	12	2371
-11	10	14	15473
-9	8	14	3366
-7	7	13	2355
-7	7	16	2339
-5	6	14	1818
-1	5	15	4544
-3	6	16	11692
-7	7	11	628
-9	8	9	180
-11	9	10	1074
-7	8	13	7231
5	4	24	3214
3	5	24	12617
-7	9	11	3342
-15	14	9	106
-11	14	19	1531
-5	9	12	4934
-9	9	19	9623
5	4	21	17436
15	3	17	1926
11	6	19	4561
9	6	23	4704
-1	5	16	6941
9	5	11	1823
-11	14	13	986
9	6	21	18767
1	6	26	8049
-1	7	25	25430
9	3	12	941
9	5	24	5021
-13	11	16	7626
-11	13	12	1772
-9	12	11	1433
-11	11	10	1669
-9	10	12	7430
1	7	12	4011
-13	13	19	4239
9	5	23	10833
3	8	28	3150
-11	10	20	1602
1	5	18	24422
-7	9	23	11285
-9	10	23	4659
-7	8	20	8802
-7	10	14	22263
-11	11	14	21956
9	3	14	4303
7	3	14	2322
13	3	12	3441
15	2	9	95
13	3	11	1181
-9	11	11	1814
-5	10	12	4521
-9	12	23	6564
1	10	26	1230
-7	12	12	1358
-5	12	16	13068
-11	10	13	12208
-1	9	12	3905
-7	12	13	4372
-11	12	11	2543
-13	13	21	789
-13	12	19	3469
-11	12	23	1468
-5	12	23	6595
-3	12	23	1698
-3	12	24	628
-5	12	24	3214
-15	12	15	2791
-13	11	9	766
-7	7	14	2662
-11	9	15	2270
-13	10	13	2426
-17	14	11	1563
-15	13	10	1448
-15	13	9	400
-13	13	13	5797
1	8	29	4069
-11	13	13	3354
-7	11	13	6709
-17	12	9	1044
5	5	28	1065
5	4	23	6763
7	3	21	4364
9	2	22	158
11	2	20	1227
13	2	16	5048
15	2	14	4284
17	2	14	1388
15	2	16	2634
17	1	13	857
11	4	20	15054
7	5	25	8598
-3	8	28	3046
-11	12	9	314
-13	13	11	1202
-15	13	11	2552
-13	12	9	888
-11	9	9	519
-7	7	15	2913
-1	7	29	1183
-15	14	17	773
-13	13	20	1458
15	3	16	2976
15	4	12	5310
13	5	14	11579
11	6	15	17657
-15	14	14	4285
-5	11	12	3355
-15	14	12	2376
-19	15	9	463
-9	11	23	10667
-7	10	24	17324
-15	13	16	3148
-17	14	13	1377
-9	8	15	2891
3	5	14	9173
5	7	11	2904
3	5	12	2194
5	5	12	3250
-3	9	9	318
5	8	24	9404
3	9	25	4576
11	6	14	15781
15	4	11	4815
15	3	12	5419
15	2	12	2385
-5	13	15	2431
-3	7	14	13468
-1	6	12	1874
5	5	14	12554
3	4	19	11367
-7	11	27	1657
-11	11	21	5178
-13	11	19	675
-15	12	16	1412
-11	10	21	512
-9	9	22	998
-11	10	19	4351
-15	11	12	1656
-7	9	24	5741
-9	13	21	5986
-11	13	21	3848
-9	9	21	2460
-5	6	18	776
-7	7	19	352
-1	6	26	1244
-1	5	18	7680
-7	13	15	4521
11	5	13	12436
-11	13	20	6035
-5	12	22	11441
11	5	10	1584
-5	8	11	1795
-5	7	13	4935
-17	13	9	1187
11	2	14	2495
9	2	14	1423
11	1	15	537
13	1	13	644
9	3	13	2069
7	4	23	10182
7	9	16	2309
11	7	14	2958
3	4	24	637
5	3	22	562
7	2	21	104
5	2	17	240
7	2	19	630
5	3	21	1386
5	3	18	3845
3	4	17	10469
-15	12	9	1243
-19	14	6	53
-15	12	8	277
-13	12	8	165
-13	13	9	126
-15	14	10	412
-3	8	10	1114
-7	10	25	8320
-9	11	24	5000
-5	9	28	1780
-5	9	27	4578
-7	12	25	2371
-7	13	22	2113
-5	8	26	1710
7	5	12	4206
13	5	16	7739
15	4	13	6050
11	4	21	7566
13	4	19	3352
15	2	11	1096
11	3	23	829
13	3	21	771
15	3	11	2575
17	2	10	1215
13	5	13	9920
-13	11	12	8141
-15	11	10	1603
3	9	26	1926
5	8	11	1930
13	5	11	4430
11	6	13	12017
11	7	10	983
9	8	11	1254
9	5	13	9782
7	8	21	4711
9	7	18	15098
-11	11	22	1999
7	8	10	736
3	10	11	635
-9	10	24	1697
-5	8	27	652
-7	9	26	856
1	6	29	593
-5	7	14	9042
1	4	17	3884
3	3	17	1528
1	4	18	3674
-3	6	15	9130
5	4	14	4119
7	3	12	491
-9	8	13	2975
-11	11	23	699
5	6	28	2919
9	7	9	533
-1	7	27	6569
11	3	14	7147
7	3	22	2085
3	4	23	1651
1	5	25	1166
-9	10	10	1437
-9	10	9	530
-3	12	14	2729
-9	9	12	4975
1	5	14	5775
-1	5	12	775
-3	8	13	9598
9	3	22	2740
-13	15	15	950
-15	16	12	64
-17	16	12	137
-19	16	10	104
-21	16	8	72
-17	15	11	807
-19	14	8	591
1	5	13	2357
-11	12	12	3412
-3	7	13	6760
3	10	14	5076
7	2	16	1220
9	1	15	187
11	1	17	437
13	1	15	929
17	2	11	1539
19	1	10	222
17	2	13	1312
7	9	12	1348
5	10	12	657
3	11	15	1076
1	11	17	7691
17	2	9	550
13	4	11	3539
-13	14	18	2546
-17	13	12	2131
-19	14	9	809
1	4	19	2486
-1	5	20	4044
-15	11	15	187
-1	12	16	2971
1	11	18	7695
-1	5	17	7871
1	4	14	1484
-3	5	15	1163
-5	6	17	1336
-7	7	18	865
7	3	13	1197
5	5	10	443
1	5	12	1473
-11	9	11	2233
3	4	20	9402
-3	13	14	464
1	11	14	3197
-1	9	30	1468
1	9	30	450
-9	14	19	1330
5	9	11	883
7	9	11	601
13	2	18	2605
9	5	25	1968
13	4	20	1483
17	3	10	2219
19	2	9	757
19	2	7	305
19	1	9	491
17	1	11	805
15	1	15	905
13	2	17	2547
3	5	26	2915
-3	6	14	5089
15	5	9	1123
13	6	12	2578
13	5	9	802
15	4	9	1305
-11	14	16	4151
-11	14	14	2502
9	1	13	214
11	1	11	61
9	2	12	296
7	3	11	193
-5	6	13	1352
-3	5	16	1151
-3	9	30	1339
-7	8	9	181
3	7	31	536
5	7	33	17
3	8	32	56
5	7	31	66
3	7	29	2982
13	5	12	8162
-7	7	12	1557
11	3	21	3989
13	2	20	689
11	2	22	222
13	2	22	77
15	2	18	655
11	3	22	1548
1	6	12	2391
-1	7	11	1803
5	5	13	4644
9	4	12	2102
11	3	13	3294
3	4	14	2799
15	1	11	375
15	1	13	1078
9	3	23	1437
-3	12	18	11240
13	2	14	3872
9	4	13	6364
-13	14	14	3749
-15	15	13	1106
-13	15	17	553
-11	14	20	1317
7	8	9	174
7	7	10	985
15	4	15	2781
1	4	20	1194
-1	4	17	349
-3	5	18	384
1	11	22	841
17	1	9	163
13	2	11	358
-1	12	18	3563
-5	13	18	3791
-7	10	26	3928
11	5	22	1878
5	6	29	1179
7	6	29	118
5	6	31	217
3	6	31	256
5	2	16	472
-3	9	12	4276
3	3	21	79
-7	12	24	5217
-9	15	15	190
-7	14	16	1226
17	3	8	737
19	3	6	295
13	6	10	1599
-17	14	14	1399
-1	12	20	1277
-3	13	19	571
-3	13	17	1442
3	10	21	4009
7	8	22	2086
5	9	23	1133
3	10	22	2038
1	11	20	4104
11	6	20	1636
-1	11	12	1533
1	10	12	1810
3	9	9	130
5	8	10	1056
1	11	16	6893
7	5	13	6858
-9	12	24	3413
17	4	7	442
19	3	4	38
17	3	6	69
13	5	8	294
9	8	16	2390
-3	9	10	805
-1	8	10	1252
-1	7	12	3823
13	5	7	176
11	7	13	3184
-7	10	27	1706
-3	11	27	1179
-17	13	8	759
-15	12	7	168
-13	11	8	314
-5	10	8	119
-7	11	9	160
-1	5	21	1978
-3	6	13	3057
-3	10	12	3341
-5	11	10	480
-7	11	10	704
3	3	16	1282
-13	14	13	1863
1	9	10	590
1	4	15	2373
13	2	12	1203
15	5	13	969
7	7	11	3294
-5	11	27	2502
-1	6	13	4690
-1	8	9	244
-7	10	28	494
-3	8	29	1165
17	3	13	1612
17	3	12	2017
5	6	10	709
13	5	19	734
9	5	10	1296
-1	9	32	235
1	8	31	787
-1	9	34	39
7	6	26	4034
-19	15	11	467
-5	12	12	814
7	8	23	893
3	6	9	244
-13	14	17	2696
-15	14	11	1043
-5	10	29	1200
-3	10	28	3790
-11	12	22	3927
-3	6	23	734
-1	6	27	357
1	8	11	1582
-13	14	12	1176
-11	13	11	508
1	6	11	1373
-1	9	28	7058
-5	9	29	703
-9	11	26	682
-1	7	9	252
-3	8	11	1839
7	5	11	1181
15	4	10	2378
13	4	8	181
11	5	9	486
-1	10	30	218
-3	10	30	686
15	4	8	281
-15	14	13	2834
-13	11	18	1694
-13	10	15	1111
7	4	13	4466
3	10	13	3123
9	2	11	39
11	2	11	128
13	1	11	191
11	2	10	109
9	3	11	371
7	6	27	1764
5	3	14	1281
-15	13	15	6139
-1	12	19	2553
7	2	18	1221
9	2	20	996
1	11	13	1251
3	11	13	618
-5	9	10	775
-1	7	10	574
13	1	17	575
7	8	11	1625
15	4	7	186
17	3	9	1164
19	2	8	569
3	11	16	1183
1	12	16	467
3	11	17	780
-1	5	11	92
-7	13	24	388
-5	13	24	28
-5	12	25	1479
-3	13	12	76
-5	13	12	206
5	2	14	333
3	3	13	366
11	2	16	4269
5	3	20	2373
-3	6	9	46
-7	7	17	1714
-9	8	16	2239
-5	13	20	2452
-5	13	14	1223
7	6	10	1224
-17	14	9	580
-17	13	10	2188
7	4	26	980
-13	13	10	614
-5	6	16	1827
1	4	21	680
-1	4	15	591
-3	5	12	359
-5	7	10	436
7	2	14	770
1	4	16	3052
-3	7	11	1434
-5	10	11	2040
3	5	27	1165
5	4	26	494
3	5	28	430
5	4	25	1437
13	1	19	134
15	1	17	324
17	0	14	62
-3	8	30	472
-5	9	30	286
-7	13	13	1155
-7	12	11	762
-11	13	22	1571
-5	7	24	424
1	12	14	452
5	10	14	1772
-1	12	15	2397
5	10	13	1316
-1	7	31	167
-9	9	10	1001
-7	9	10	1004
-7	8	11	1584
17	4	10	852
5	4	12	726
3	8	29	1270
-9	10	25	481
13	2	19	794
13	4	10	1150
11	5	7	102
11	4	10	538
-5	13	22	599
7	6	30	85
-9	13	22	2837
-13	10	8	440
-17	12	10	806
-15	11	13	904
7	4	12	1266
-1	5	14	3089
-3	5	14	985
-11	14	12	603
-17	12	11	592
-9	12	12	1952
-15	14	16	2525
-13	14	19	806
-11	14	21	367
-9	13	24	524
-3	13	18	977
1	12	17	341
-1	12	21	681
-3	13	20	303
13	5	10	2209
15	5	8	710
3	11	14	994
5	9	22	2536
3	10	23	668
3	10	12	1091
3	11	12	389
11	4	23	1424
1	5	24	2807
15	1	14	394
3	3	15	963
1	8	30	1834
15	5	14	394
1	11	24	89
-1	12	23	26
-3	12	25	209
-1	5	13	1343
-3	6	12	1014
-7	11	28	762
-5	11	30	171
-7	12	27	390
-15	11	9	1139
-17	12	8	647
-7	14	17	671
-9	14	18	2489
-7	14	12	117
-9	14	12	293
-9	14	15	1451
11	5	23	630
9	5	27	204
-3	7	27	779
-5	12	27	190
-5	6	12	673
-5	6	15	2045
9	6	25	416
5	5	11	775
-1	11	11	138
-3	12	12	442
-5	6	19	287
-3	5	17	781
-1	4	18	153
1	10	27	411
11	7	17	714
1	7	31	587
-1	8	33	116
5	5	30	139
3	6	32	111
-5	12	11	518
-7	13	10	60
7	4	11	797
-5	10	10	659
1	6	30	209
11	2	13	918
1	4	23	30
3	3	22	3
9	1	17	269
-7	11	11	1204
11	2	12	596
15	2	13	2618
-9	8	11	1306
5	9	10	408
5	3	13	750
7	2	17	752
7	1	15	84
3	3	18	954
3	6	11	1598
-11	13	23	803
-13	14	20	633
1	8	10	1199
9	3	26	49
-9	12	10	242
-1	4	16	470
-11	9	13	3178
-11	12	10	537
-5	9	9	558
-3	11	28	480
7	3	23	921
7	3	24	363
5	4	27	178
9	2	17	1819
-1	8	31	840
-3	8	31	194
-1	7	32	37
1	7	32	261
-15	11	11	1611
-9	14	11	40
-11	15	11	52
-13	15	11	187
-11	15	16	155
-7	8	10	742
-7	9	9	572
-17	14	12	2435
7	4	9	157
5	4	11	496
-7	10	10	1104
15	2	17	810
11	3	10	297
-3	5	13	638
-1	4	12	121
-9	13	23	1501
-3	13	15	1000
-5	14	14	305
5	5	29	426
3	6	30	666
-1	11	13	2379
3	11	18	401
-3	11	11	550
-1	10	10	405
9	8	17	1398
-1	6	11	1080
-17	15	9	178
-19	15	7	83
-5	10	31	242
9	2	18	2522
-11	12	24	499
5	7	9	603
7	6	6	20
-15	14	18	683
-17	15	15	298
-13	12	20	1566
-9	8	10	594
-9	14	13	408
-13	15	13	588
7	5	10	788
-3	7	10	582
17	4	5	64
17	4	8	627
-15	15	17	294
7	9	18	893
9	6	9	552
11	6	9	653
3	4	13	1523
3	4	12	440
1	5	11	188
-1	5	22	841
-9	8	19	315
-11	9	18	302
5	10	18	768
-9	12	25	1389
9	2	19	1279
-5	13	23	151
1	6	28	1589
7	6	8	161
-13	10	16	431
-11	9	19	72
11	1	13	366
15	3	8	215
-13	10	17	133
11	2	19	1541
13	6	16	459
-5	7	23	1113
-1	9	10	637
-5	6	11	358
13	5	18	1734
-19	13	8	403
1	10	9	76
1	3	17	54
15	4	16	1523
-13	14	10	174
-1	7	30	397
5	8	29	68
7	8	25	81
9	7	24	47
11	6	21	463
9	8	10	534
-3	7	9	121
3	9	28	258
5	10	11	381
9	3	10	188
-1	12	14	1417
3	3	14	508
11	5	8	229
17	3	11	2451
-7	13	23	1015
-9	14	22	179
-7	14	20	342
-5	14	16	456
19	1	8	127
1	3	15	227
-13	11	7	176
-11	10	8	290
1	8	32	291
-1	9	33	92
-19	13	7	302
-17	12	7	446
-7	8	23	914
9	7	8	62
-9	14	20	1077
-7	14	18	1089
-3	13	13	344
-7	7	10	265
9	5	9	383
-1	8	8	141
13	6	8	446
19	3	7	330
-5	7	11	830
11	1	18	138
9	2	21	368
3	4	25	183
1	5	26	372
-1	6	28	158
17	4	6	188
-11	9	17	675
-15	11	8	733
-5	12	26	573
-19	13	6	292
3	8	33	21
-11	9	7	43
-13	10	6	28
-11	14	11	100
5	7	29	684
3	8	30	498
-17	16	10	83
3	3	20	307
5	10	16	1705
15	1	12	278
13	1	14	243
17	1	10	218
-9	13	26	53
5	7	30	291
-13	10	9	871
-5	11	31	48
-3	10	34	8
11	4	9	340
9	4	9	233
7	7	9	571
5	2	19	71
7	1	17	22
1	11	12	763
7	9	10	283
-7	7	20	160
19	3	8	382
17	4	11	599
3	9	10	620
-1	13	16	193
-15	11	7	283
-11	11	9	547
1	4	13	677
7	4	27	373
9	8	18	659
-11	14	22	219
17	4	9	983
-11	13	10	310
-15	15	11	369
9	2	13	367
7	2	13	130
7	2	15	738
-13	12	10	1203
-7	14	19	585
-9	14	21	324
-19	15	10	237
1	6	10	398
-1	7	8	132
-7	13	11	217
-9	13	11	341
-15	13	8	221
3	4	11	236
5	7	8	103
-1	4	14	485
-5	9	31	54
-1	4	13	286
-7	8	25	75
-1	9	9	317
-3	13	16	1299
-11	10	9	647
-11	14	10	127
-1	11	26	401
-15	15	16	160
-17	15	12	381
-15	15	14	410
7	7	27	245
11	3	9	94
13	6	17	125
11	7	18	290
-1	12	12	218
-5	10	30	510
-1	8	32	289
-3	6	11	628
-5	10	9	294
-3	9	7	98
-5	9	5	11
-7	10	7	67
-5	9	8	119
-3	8	9	250
-9	11	9	353
-11	12	7	95
-13	13	8	111
11	7	8	103
-3	6	24	263
-1	5	23	354
-3	7	29	49
-3	7	28	248
-7	9	27	220
11	1	16	186
13	0	14	62
15	0	12	77
-15	12	5	21
-9	9	7	31
-11	10	6	21
3	5	11	504
13	2	10	186
3	8	31	188
3	9	30	22
-3	13	21	56
-1	12	22	249
1	11	23	362
5	10	19	297
3	11	19	174
-11	11	7	96
-9	10	6	27
13	3	9	133
11	3	11	571
-13	12	5	24
-15	13	7	46
11	4	7	86
-3	11	10	422
-11	15	18	129
-13	15	16	284
-9	15	17	251
-5	14	17	249
-11	15	13	332
-9	15	13	200
-9	12	27	155
-11	13	24	187
-13	14	21	128
7	8	24	230
5	9	25	78
-15	15	10	26
-17	13	7	115
3	6	10	557
-11	15	15	571
15	2	10	353
17	2	8	102
3	3	19	579
-21	15	7	318
-15	14	8	63
-3	10	31	277
7	2	20	321
11	1	19	130
-3	10	10	535
-9	10	8	313
-17	16	14	50
-9	9	8	43
-3	6	10	41
1	12	15	637
5	6	8	109
19	1	11	515
-19	13	4	39
-7	15	16	23
-5	14	15	253
13	1	18	128
-9	8	18	659
7	7	8	72
9	6	6	25
11	5	6	39
-19	14	7	301
-3	11	8	46
-11	15	12	33
-5	14	19	65
-7	11	8	107
-9	11	8	128
1	3	13	138
15	5	15	193
17	4	12	343
-3	10	9	267
-5	11	8	85
7	9	19	425
9	8	20	59
9	8	19	288
5	3	11	51
1	4	11	101
3	3	12	73
-5	12	28	34
-7	13	25	122
3	5	10	372
1	5	10	171
1	8	9	209
1	9	8	116
3	11	20	60
5	10	21	42
7	9	20	143
3	11	11	58
-7	14	21	87
-1	10	7	29
-5	12	9	85
-3	12	11	237
15	5	7	267
5	5	8	86
7	5	6	14
7	2	12	131
1	9	33	16
13	3	20	1484
-17	15	10	210
3	5	29	161
5	6	9	281
-7	10	29	153
11	7	9	520
-9	10	26	174
-11	10	22	197
5	8	9	208
-7	12	29	34
7	5	29	209
1	4	22	240
3	10	9	43
19	0	10	76
9	7	23	283
-9	10	7	41
1	12	12	111
9	3	24	525
-7	14	13	152
-1	13	17	73
21	0	8	74
19	0	12	60
-1	10	29	606
3	8	9	211
-1	5	24	74
17	3	7	122
-5	14	18	144
7	5	8	112
9	5	8	97
-11	15	17	483
-3	14	15	62
-13	10	18	54
-9	9	23	264
3	7	9	308
-15	15	12	268
-11	13	9	87
-3	11	29	162
11	3	24	216
13	2	21	133
17	1	14	153
7	7	7	78
3	8	8	173
9	3	25	226
1	11	11	84
-13	15	12	135
-1	13	13	110
-7	8	24	234
5	3	12	201
-1	9	8	80
-11	15	19	127
1	9	31	171
-19	16	8	77
-13	15	14	260
-9	13	25	204
1	10	28	137
9	4	28	49
11	3	25	69
9	3	27	26
7	4	29	43
-9	13	10	161
7	4	28	125
11	2	21	397
9	1	18	76
7	5	9	134
9	5	7	8
-9	12	26	564
-7	10	30	55
-9	11	27	209
-7	11	30	55
-5	7	25	68
-7	8	26	17
-3	6	25	81
5	5	31	44
7	9	22	17
9	8	21	31
-21	14	6	182
5	9	24	385
1	12	18	158
-5	6	20	90
-3	5	19	167
-17	12	6	185
-11	13	25	73
-7	12	26	979
-3	10	33	30
-11	15	14	206
-1	9	7	57
1	9	9	231
1	6	9	188
-17	13	6	38
11	2	25	16
1	5	28	14
-5	8	8	141
-7	10	9	403
-1	12	11	98
3	2	14	99
-7	12	10	121
21	2	5	126
15	3	9	341
17	1	12	313
-7	8	8	68
19	3	9	349
9	7	25	27
21	2	6	185
11	3	8	41
15	1	9	32
-17	12	5	50
-21	14	3	41
-3	12	26	28
-3	8	33	26
-5	9	33	9
-7	9	29	30
17	1	15	254
-15	16	10	43
-1	10	31	50
-1	11	27	122
-13	12	7	62
13	0	12	50
5	3	23	170
11	7	19	80
-5	14	13	55
-9	15	14	100
-5	11	29	431
-7	9	7	74
-5	14	12	45
17	3	4	19
7	4	10	107
-9	12	28	36
-15	12	6	39
-17	13	4	16
9	8	9	170
-19	15	8	128
1	12	13	224
-17	14	7	39
-15	13	6	52
-7	15	14	31
5	6	32	45
3	6	35	10
5	5	33	20
7	4	30	21
5	4	28	41
1	5	27	101
-1	6	29	34
-3	7	31	13
-3	6	26	12
5	8	8	139
1	8	8	112
5	2	13	46
-9	8	8	38
-5	7	9	52
-5	11	32	19
-3	14	14	102
1	3	16	219
-7	9	8	49
-3	8	7	18
-19	16	12	48
1	7	33	124
3	7	7	84
-7	11	29	252
-17	16	16	12
-23	16	4	36
5	10	20	122
3	10	24	245
-5	15	14	10
-1	13	14	151
17	0	10	67
-13	14	22	85
-7	15	17	21
-9	16	16	2
-11	16	16	24
-13	16	16	49
-5	10	32	44
5	4	10	63
1	7	8	80
-5	11	9	40
-13	14	11	346
-7	15	13	68
-3	9	32	198
11	7	21	6
-1	13	11	5
13	0	16	46
15	0	14	87
1	10	29	38
3	10	25	106
3	9	31	5
-1	13	15	211
3	7	8	78
5	2	18	136
-13	16	14	57
5	5	9	42
-3	9	8	65
-3	8	32	52
5	8	28	172
5	2	15	294
1	9	32	36
-1	4	11	36
13	6	18	46
-1	10	9	191
-7	11	31	21
-1	11	10	187
13	6	7	46
-5	13	11	45
9	1	14	102
11	1	14	179
-11	11	6	65
-1	13	12	27
-9	14	23	34
-13	15	19	138
-7	12	28	124
1	10	10	123
-17	15	14	139
3	7	32	168
-13	14	9	16
-15	16	14	99
9	1	19	18
11	1	21	18
3	2	15	69
15	4	6	55
19	3	5	94
9	2	23	42
7	8	26	21
1	12	19	27
9	4	10	205
3	6	8	40
1	9	7	37
-5	7	26	29
-3	11	30	41
-1	10	32	27
3	4	26	25
1	4	12	215
5	6	7	65
-9	9	24	44
1	3	14	159
3	2	13	13
13	1	12	156
-9	15	16	46
-9	9	25	35
-3	9	33	88
-3	11	9	28
-1	7	7	34
1	7	7	49
-7	9	28	42
-5	8	29	66
11	1	20	16
-7	15	15	81
-15	16	16	43
-13	15	18	105
3	7	33	62
9	8	8	47
-9	15	18	77
1	8	33	110
-17	14	8	108
19	2	6	70
21	1	5	52
-3	13	22	4
-5	14	20	7
-7	15	18	6
-11	9	8	87
-1	6	9	78
-13	16	12	53
-5	6	10	35
21	0	6	41
7	9	21	28
7	6	7	62
19	0	8	71
1	11	10	61
3	11	10	29
3	10	10	53
13	4	7	67
-13	10	7	43
21	1	6	118
-3	9	34	36
9	6	8	273
-15	15	9	41
-3	5	11	58
11	1	12	45
-3	5	20	35
-5	15	13	17
-9	14	10	42
15	2	8	57
3	9	29	38
7	3	25	114
11	7	20	16
-23	15	3	47
-9	15	19	32
-21	14	5	130
-19	13	5	87
5	9	9	73
-7	10	6	30
19	2	5	27
19	1	7	61
-3	10	7	30
-17	14	6	30
9	4	27	144
17	0	12	126
-5	12	10	80
-11	14	24	24
-13	15	21	13
11	2	24	17
13	1	21	8
15	1	19	44
7	5	30	51
-9	13	27	27
-21	15	6	113
-9	12	7	26
7	1	13	85
-21	14	4	45
-1	6	10	102
5	4	29	6
-1	7	33	14
13	3	7	12
9	4	7	33
23	1	3	59
5	2	12	47
15	1	18	32
-11	16	12	25
25	0	0	14
1	6	7	26
7	8	8	75
1	7	34	28
-11	16	14	15
3	5	8	39
13	0	10	11
15	1	16	168
1	6	8	27
11	7	7	30
-9	16	12	5
-1	8	6	27
11	0	16	26
7	1	18	8
1	8	34	36
-9	11	7	13
-7	10	8	150
-15	11	6	35
13	6	6	28
1	12	11	39
-1	8	36	6
13	5	6	40
9	7	7	52
-5	6	21	34
-7	7	22	10
-7	8	28	4
-1	8	34	61
-5	10	7	53
-3	7	30	21
-5	8	32	5
15	4	5	27
21	2	3	24
3	2	12	17
11	4	8	21
-1	4	19	17
-3	10	32	103
9	5	6	45
13	3	8	112
-11	14	23	30
1	6	32	26
-7	7	9	26
5	9	27	8
9	2	10	37
17	2	7	59
21	2	4	63
7	2	22	9
5	3	24	38
-7	13	9	8
5	7	5	8
-5	7	8	12
7	7	28	40
7	3	26	35
-19	14	5	25
-15	15	18	29
15	3	6	58
-21	15	5	38
-1	5	10	48
7	9	9	36
7	1	14	26
-9	8	21	23
1	3	12	30
-11	13	8	37
15	5	6	38
-5	10	34	9
5	4	9	78
17	2	6	21
15	3	7	37
5	7	7	35
1	9	34	6
-9	16	14	13
11	6	6	25
-1	7	34	10
1	8	35	14
15	0	10	32
-3	14	12	12
15	0	16	41
-9	8	20	73
-3	7	8	24
-3	13	11	24
3	5	31	8
3	8	36	2
11	6	7	18
-5	6	9	25
9	1	16	52
3	6	7	34
-13	14	8	19
5	2	20	8
3	7	34	33
-5	9	7	44
-9	13	9	30
-3	5	10	31
-7	12	30	26
1	11	25	3
3	10	26	9
11	2	23	16
13	2	8	24
15	1	10	42
-1	10	8	17
-1	5	25	7
-1	8	37	2
1	7	38	1
-11	9	21	7
3	5	30	37
-3	8	6	27
7	5	31	23
5	6	34	12
-13	16	10	7
1	6	31	69
13	4	5	29
-7	13	26	23
9	6	7	43
-9	12	8	10
-7	11	6	11
23	1	2	13
-3	10	8	39
-5	7	27	6
-13	11	6	29
5	1	13	21
-5	6	22	4
-11	12	8	32
-21	16	6	38
1	9	35	1
5	10	9	26
7	3	9	10
-5	11	33	9
-9	11	6	36
3	8	7	20
11	0	12	31
5	5	32	15
-1	9	36	5
9	3	9	18
13	2	9	15
-1	11	28	15
-5	8	30	9
5	9	26	33
3	5	9	29
3	9	8	22
5	9	8	11
-7	16	12	2
1	7	37	1
5	1	14	8
5	10	10	28
-1	9	35	13
7	1	16	21
-5	12	29	6
-7	13	27	3
-7	12	31	8
-9	13	28	16
17	0	16	9
-9	8	22	9
3	8	6	27
-7	7	21	27
5	8	30	12
-11	15	20	26
3	6	33	25
15	5	5	16
-15	15	19	40
3	3	11	15
5	7	32	13
1	12	20	3
-1	13	18	3
-3	14	16	9
-13	13	7	10
1	8	6	31
3	6	34	13
9	4	8	9
7	3	10	41
-17	16	8	14
-23	15	2	14
-11	10	7	17
7	4	31	8
9	2	24	18
-3	10	35	6
-9	14	24	7
9	0	16	4
-5	9	32	12
-13	15	22	3
1	7	36	5
-1	8	35	20
-15	16	20	3
7	9	8	11
1	6	33	3
9	3	28	12
-13	16	18	6
-5	10	33	6
-15	11	5	19
-7	14	22	6
7	9	23	3
5	10	22	3
17	0	8	8
9	8	22	6
-3	14	13	14
-3	11	31	9
-1	12	24	1
13	0	18	3
1	8	37	3
13	1	23	3
9	0	12	12
7	8	28	2
3	11	21	2
9	0	14	6
5	8	32	1
7	3	27	5
-7	7	23	1
3	2	16	4
5	6	33	1
1	7	35	7
3	7	37	1
7	0	12	3
-25	16	0	4
-11	14	26	5
-1	4	20	2
11	0	14	11
-11	15	21	5
-13	15	23	5
-1	10	33	1
11	2	26	8
-11	9	20	7
1	3	11	6
3	7	35	1
-7	7	8	7
7	4	32	1
1	8	36	3
-1	8	40	1
-3	9	37	3
-11	14	25	7
-3	10	36	2
-1	9	38	1
-1	9	37	1
1	8	40	1
9	3	29	1
1	3	18	1
-9	13	29	2
5	5	34	1
-1	7	35	1
