23	0	4	33
21	1	7	247
19	2	10	939
17	2	12	2390
15	3	15	5900
13	4	18	7594
11	4	18	28207
9	5	19	57183
7	5	21	61833
5	6	20	133174
3	6	20	128412
5	5	21	65532
9	4	20	30543
7	4	20	33470
5	5	20	78526
7	5	18	79201
5	6	18	110982
3	7	21	170297
1	8	22	164281
3	8	22	101547
5	7	19	130705
7	6	18	96276
5	7	18	115769
3	7	16	64516
1	7	16	59637
3	6	16	47101
5	5	17	49025
7	5	17	60050
7	4	18	34767
9	3	16	10385
11	2	15	2341
9	2	15	1425
7	3	16	6438
5	4	15	9243
3	5	17	33991
1	6	16	36295
3	6	14	15171
5	6	14	18599
-1	7	19	119741
1	6	17	57130
-1	7	18	99645
5	7	14	21259
3	7	14	19998
5	6	11	2096
7	6	11	2518
5	7	12	4941
3	8	12	5807
5	8	12	5089
7	8	12	4108
5	9	13	4970
3	9	17	49412
5	8	16	47444
7	7	16	49281
7	7	19	63203
5	7	17	94005
3	7	19	168065
1	7	21	170133
3	6	22	100185
1	7	23	112928
-1	7	21	115143
5	5	23	34331
7	5	23	28808
5	6	22	94816
3	7	23	108506
1	8	24	87937
-1	8	24	88430
-1	8	26	32759
-3	9	27	13618
-1	8	27	17618
-3	9	25	45066
-5	9	21	110691
-3	8	20	141441
-5	8	18	70204
-3	8	16	63818
-5	9	17	94806
-3	8	18	119487
1	7	19	161182
3	6	18	100122
1	7	20	175010
-1	8	21	186522
-3	9	22	142242
-5	10	23	68948
-1	9	27	14903
-3	9	24	73646
-3	8	21	126225
-1	7	20	122989
1	7	22	144418
3	7	22	142272
-1	9	22	143981
1	9	22	91669
-1	9	24	77411
1	8	23	125350
1	8	21	186933
3	8	19	133603
1	9	19	119474
3	8	20	140948
1	9	23	66639
-1	10	22	63481
1	9	20	121925
3	9	18	57614
5	9	16	17414
7	8	16	22493
7	8	15	17529
9	8	13	2972
11	7	11	2014
13	6	11	2362
15	5	10	1645
13	6	9	804
15	5	11	1673
13	6	13	2381
15	5	12	1679
13	6	15	1207
11	7	16	1454
13	6	14	1755
11	6	18	7561
9	7	19	9582
5	7	21	110728
5	8	19	68343
-1	9	20	174732
-1	8	23	125353
3	6	19	123013
3	5	16	26182
5	4	16	13193
5	4	20	22416
7	3	17	8564
9	3	19	12833
7	4	22	17296
9	3	21	6062
7	4	24	5193
5	5	26	5675
3	6	23	74462
1	7	24	77165
5	5	19	74793
9	3	15	7199
7	4	16	20281
1	5	17	19740
-1	6	17	34521
-3	7	16	35215
-5	8	15	28949
-7	9	16	49405
-5	9	16	62746
-3	8	17	86702
-5	9	18	115689
-7	10	17	82971
-3	9	18	135460
-1	8	17	99503
-3	9	17	103104
-5	10	15	34682
-7	11	16	46156
-9	11	16	49070
-7	11	20	79133
-5	10	20	132737
-3	10	20	127856
-1	9	19	161375
1	8	20	196493
1	8	18	147225
-1	8	14	24006
3	8	16	63268
5	7	16	61820
3	8	15	34720
1	9	18	99791
9	6	15	35524
11	5	15	28059
7	5	19	80909
5	6	26	13370
3	6	24	48203
5	6	24	43120
5	6	23	68660
3	7	24	73921
3	7	26	25426
1	7	26	28207
3	6	25	29927
-3	10	21	122641
-5	11	19	74707
-7	11	19	80285
-5	10	18	110658
-7	11	21	62184
-9	12	20	30631
-7	11	23	28518
-9	12	21	21325
-7	11	22	45442
-5	10	25	24866
-3	10	25	29361
1	8	25	55911
3	8	21	124873
3	8	18	119606
7	6	20	90205
5	6	16	56906
1	7	17	96065
-1	8	20	196537
-3	8	22	102882
-1	7	23	67541
-5	9	25	19072
-7	9	21	35735
-3	7	15	23505
-1	7	15	31133
-9	11	14	20972
-11	12	15	24358
-13	13	14	10275
-11	12	16	28936
-13	12	12	5714
-11	11	11	3288
-9	10	14	23051
-7	10	18	96127
-5	9	19	131445
-5	9	13	13280
-5	8	12	5153
-3	8	12	5901
-1	8	12	5853
1	7	9	296
3	7	11	2775
5	7	13	13277
7	6	12	6013
9	6	12	7508
7	7	14	20549
7	7	15	36859
9	7	11	2951
3	8	17	86247
1	8	17	99886
-1	9	16	59113
1	9	16	49520
-3	10	17	75401
-3	10	19	123305
-5	11	20	78284
-7	11	18	79102
-5	10	17	86436
-3	10	23	74094
-1	10	23	45701
1	9	26	13309
3	8	25	27012
5	7	25	19353
3	8	26	14379
5	8	26	1815
7	6	24	17538
5	7	24	35462
3	8	23	71820
-5	9	20	127287
-11	12	17	33254
-3	9	14	20269
-1	9	14	18773
1	9	12	3899
-1	10	13	6663
-3	11	14	9084
1	10	15	17066
3	10	15	8952
5	9	15	13510
5	8	20	61536
1	10	19	43401
-1	11	18	24393
-3	11	20	53185
-7	12	23	10074
-5	11	24	20794
-1	10	25	16057
1	9	25	25209
3	9	23	18609
5	9	21	5339
3	10	20	7034
1	10	22	21861
-1	10	18	71782
1	10	18	40803
3	10	16	11422
3	9	11	1483
5	8	13	8947
3	8	13	9577
3	8	10	1178
1	8	12	5770
3	7	12	4264
5	6	13	9699
1	8	14	24107
-1	9	15	37170
-3	9	15	40688
-1	8	16	70071
-1	8	18	147507
-3	9	20	178108
-1	9	23	112226
3	7	17	102971
-1	8	22	164811
-3	9	23	108306
-5	9	23	57764
-1	8	19	174593
1	8	19	174113
-3	8	23	71766
-1	7	24	43057
-5	9	22	83869
-3	8	24	47129
-7	10	19	101996
-9	11	20	48200
-11	12	18	28141
-13	13	17	10827
-15	13	17	1992
-17	13	13	1571
-19	13	9	295
-17	12	12	327
-15	11	14	419
-13	10	14	1769
-11	9	14	3035
-13	10	11	2348
-11	9	12	2769
-9	9	16	21606
-7	8	17	22034
-5	7	17	19473
-3	6	18	12996
-3	7	19	61218
-1	6	18	41165
-5	8	21	46296
-7	9	20	51060
5	6	19	133094
9	4	22	13435
7	5	22	45377
9	4	21	21310
11	4	17	32978
9	5	20	47676
11	5	18	27080
9	6	19	42965
7	6	19	101503
9	6	17	53247
7	7	18	67172
1	9	24	43398
3	9	22	29731
5	8	21	46136
5	8	17	58915
3	9	15	23576
1	10	16	23883
3	9	19	61592
5	8	18	70673
-1	10	19	86718
-3	11	18	47094
-1	10	20	88528
1	10	17	34154
7	7	17	62718
9	6	16	46073
5	8	15	28878
7	7	13	12887
11	6	11	3258
9	6	13	12822
7	6	13	11467
5	6	17	86833
3	6	15	29868
5	5	18	68673
7	4	21	25900
5	5	24	21051
7	5	26	3931
5	6	27	6738
3	7	25	45262
1	7	25	48806
1	6	24	28496
7	6	22	49823
5	7	23	57797
3	8	24	46900
1	9	21	113556
-1	9	26	27992
-3	10	26	16190
1	10	24	6611
5	9	17	19649
7	9	13	2300
9	8	14	3242
7	8	17	22235
9	6	18	50262
5	5	15	18776
1	5	15	8750
3	5	19	51221
1	6	18	72762
3	5	21	43677
1	5	21	16794
-1	6	20	39666
1	5	19	24762
-3	7	21	43961
-9	10	19	42954
-5	9	24	35648
-1	8	25	55437
-3	8	25	26635
-1	7	22	91859
1	6	21	82063
-3	9	19	168493
-5	11	22	52146
-7	12	21	25439
-9	12	19	38713
-5	10	22	94372
-1	9	21	169431
3	7	20	178520
5	7	20	127379
11	5	12	7485
9	5	16	49419
7	5	20	78832
7	6	16	58946
9	6	10	1400
9	7	13	10936
11	6	10	1846
15	4	14	4475
11	5	17	31869
7	7	21	35492
-1	10	24	28512
-3	10	22	100289
-5	11	17	48541
-7	12	20	33116
-9	13	19	12757
-7	12	22	17633
-9	12	22	13374
-11	13	19	11308
-9	13	17	13347
-7	12	18	34366
-9	13	15	7218
-11	13	17	15697
-7	11	17	59963
-5	10	19	133198
-1	10	17	57186
3	9	20	55874
7	8	13	7181
11	6	12	7190
9	6	14	22988
7	8	14	13612
-3	10	15	29854
-9	11	17	57070
-3	8	19	134564
-3	9	21	170585
5	6	25	25154
3	7	28	6759
1	7	28	7095
3	6	27	8080
-1	7	28	2993
1	6	27	3907
5	5	25	11444
9	4	24	3393
11	4	22	3925
7	5	27	1715
5	6	30	485
7	6	28	443
5	7	28	1864
3	8	27	7123
5	7	27	4506
7	7	23	11505
9	6	24	1686
7	7	25	2341
3	9	21	44240
5	9	12	2447
7	9	17	1640
5	8	22	31092
1	9	17	75856
-1	9	17	95454
-3	9	13	12125
-5	10	16	56896
-5	9	11	2980
-7	10	11	2598
-9	11	12	5585
-9	11	18	65099
-13	13	16	11803
-15	13	14	6442
-13	12	14	14894
-11	11	15	27799
-13	11	13	9974
-11	10	15	17618
-9	9	18	15317
-13	11	14	11560
-9	10	17	53511
-5	8	17	58706
-5	9	15	41752
3	5	18	47290
1	6	20	89699
3	4	16	7388
-1	6	15	16844
-3	6	17	13363
7	6	21	73376
5	7	22	83591
5	5	22	52347
3	6	21	122759
7	4	19	37918
9	3	18	12879
11	3	16	13937
9	4	17	38379
1	7	15	37681
3	7	15	41614
-1	9	18	127456
-1	10	15	23483
-5	11	18	68429
-1	7	17	77077
-1	6	19	43368
5	4	17	20018
7	3	18	8493
7	4	17	30499
9	5	14	20968
5	7	15	41285
-5	9	14	21343
-1	7	16	49798
-5	7	12	2316
-3	7	12	3130
-5	8	9	205
1	6	15	23775
3	4	18	11345
-3	7	17	49559
-7	9	17	62545
-5	8	16	47016
-7	8	14	13513
-9	8	12	2470
-9	9	13	10902
-9	10	15	35699
-9	11	19	57328
-7	10	20	90171
3	7	30	1294
1	7	30	1449
3	6	29	1678
1	8	27	17372
-1	9	25	48604
1	8	26	32531
7	6	23	32405
7	5	24	16463
3	8	14	21849
-1	11	16	15973
-3	12	17	10369
-5	12	19	25380
-7	13	18	8230
-5	12	21	17338
-9	13	20	8475
-7	13	20	6221
-9	14	17	1796
-11	14	17	2887
-3	12	19	11470
-3	11	22	33323
1	10	20	39707
-1	11	19	24599
-3	11	19	51247
-1	10	21	81407
-5	12	18	22986
-3	10	18	98925
-3	9	16	63348
1	8	16	70533
-5	10	21	120494
-9	11	22	19049
-7	11	24	16716
-5	10	27	6765
-3	9	28	6711
-5	9	26	9813
-3	8	27	7323
-1	7	26	13184
-3	9	26	25474
-1	6	23	12705
1	5	22	11039
-1	6	24	6472
3	5	20	53183
5	4	19	25397
5	3	17	4179
3	5	15	13382
1	6	19	86967
-3	7	18	57360
1	6	14	11623
-1	6	14	8363
3	6	17	75568
3	7	18	135647
-5	10	24	42351
-9	12	18	39621
-5	11	21	65109
-3	11	23	21570
5	6	21	120790
9	5	22	19274
7	6	25	8558
5	7	26	9997
3	5	13	3164
5	4	13	2613
7	4	15	14173
9	4	11	1362
7	5	14	16453
7	6	15	38516
5	8	14	19409
5	6	12	4547
9	7	12	4997
5	7	10	800
7	6	9	383
1	7	27	14871
-7	9	18	66766
-3	11	17	33920
7	7	20	50834
-3	10	16	47337
-5	11	16	36981
9	7	16	21781
11	7	12	2803
9	8	15	2835
11	7	15	2276
7	9	15	2858
5	10	17	1342
9	8	12	2435
9	7	15	20103
-7	10	16	58972
-7	10	22	49287
-5	8	20	61716
-7	9	19	63893
-9	10	18	50361
3	10	18	13462
1	11	19	6007
-1	11	23	5892
-3	12	21	6451
7	4	14	6239
9	4	19	38300
9	4	23	6667
9	5	21	31558
11	4	19	21146
13	3	19	4151
9	6	20	29262
11	5	14	21636
7	6	17	82328
9	4	18	39792
9	5	17	57470
13	4	17	11815
1	6	22	63977
1	6	23	45552
-5	8	14	19250
-7	9	15	37024
-7	9	12	5313
-5	7	16	17457
-7	8	15	17741
-7	8	21	4718
-5	7	21	5332
-7	8	18	19526
-5	7	19	14310
-3	6	19	10787
3	5	22	33267
5	4	22	11902
1	5	20	23007
-1	11	21	16844
1	10	14	8235
-1	10	16	36172
-1	11	17	19845
-3	11	15	13401
1	7	18	126430
-3	8	15	34963
-7	10	12	5839
-5	10	14	18769
-3	8	8	169
-5	8	10	992
-7	9	13	12646
-11	10	12	7477
-13	10	10	1688
-13	11	11	4536
-15	12	10	2413
-15	13	13	6679
-13	12	16	15675
-15	12	12	5381
-13	11	15	9659
-11	10	17	12409
-7	10	15	38802
-9	10	13	13191
-7	10	13	11315
1	6	25	16018
-3	7	24	9615
-5	7	22	2474
-3	7	22	29553
-5	8	22	30942
-3	6	20	6829
-1	5	19	5966
3	4	22	3532
13	4	16	15450
3	5	23	21850
7	5	16	46531
11	5	19	17644
9	4	14	9532
9	3	17	13278
11	3	15	10499
13	3	13	5621
5	5	16	37051
1	8	15	37096
1	9	15	31093
-3	10	13	8153
-5	11	14	12552
3	9	24	9849
5	8	27	695
7	7	26	870
9	7	22	961
7	7	24	5731
5	8	25	4434
-1	9	13	10477
-3	10	14	15314
-1	10	12	2397
1	9	11	1938
-1	11	24	2783
1	10	21	32142
9	6	22	9425
5	8	23	18096
-1	7	13	8821
5	3	15	2410
7	3	15	4449
13	2	13	1784
11	3	12	1809
13	3	10	641
-7	12	16	20235
1	7	11	2183
3	6	12	3296
-1	8	15	37005
-7	12	17	30323
-9	12	15	20266
-11	12	13	9539
-9	11	10	1239
-7	11	12	4327
-9	12	13	6416
-9	12	9	242
-7	12	9	162
-5	11	11	768
-3	11	13	3111
-5	11	13	4656
-7	12	14	6251
-9	13	12	886
-7	13	12	497
-9	13	14	4286
-7	13	16	6542
-5	13	16	3317
-7	14	15	735
-5	13	17	4300
-7	13	19	8904
-5	12	20	22041
11	3	19	11474
9	5	15	30822
9	5	18	64808
9	7	20	5570
11	6	16	15336
13	5	15	9389
1	9	27	6673
-5	11	15	19049
3	9	16	35495
1	7	29	3598
3	6	28	3670
5	5	27	2546
3	5	25	6504
5	3	19	3739
9	2	16	2672
7	3	19	8971
5	4	18	23285
11	4	15	24248
9	4	15	19994
5	6	15	35306
-7	10	21	72370
-11	12	20	14729
7	8	20	8894
9	7	17	19731
5	9	14	8844
3	9	14	13489
3	9	13	6857
-1	12	17	3809
-1	11	20	23258
-5	12	17	20018
-1	11	15	8553
-3	12	16	7280
-7	13	17	8697
-3	11	21	43218
11	3	17	15730
13	3	16	11440
15	3	14	6481
3	7	27	13378
-1	8	28	8940
9	4	26	520
11	4	24	547
9	5	26	700
7	5	28	712
9	4	25	1409
7	4	25	2396
-7	10	23	32441
-11	11	18	27062
-13	12	17	11793
-11	11	20	10650
-11	13	18	13319
-11	12	19	21322
-13	12	15	18182
-15	13	12	5465
-9	9	15	20061
-7	8	16	22098
-11	10	16	15578
-9	9	17	19885
1	8	13	9461
3	8	11	1841
1	9	14	16491
-1	10	11	1356
1	10	11	1118
-5	8	24	9222
-7	8	22	2140
-9	10	16	46081
-11	11	13	12202
-11	11	12	7619
-13	12	13	11935
11	5	20	10566
11	6	17	12129
13	5	17	3986
11	6	22	244
9	6	26	196
7	7	29	28
1	9	28	2881
-5	10	28	2951
-7	11	26	3811
-5	11	28	1120
-3	11	26	3029
-1	10	28	1654
-7	11	15	25046
-11	11	16	35432
-3	10	27	7931
-3	11	16	26178
3	10	19	10849
5	10	15	2019
7	9	14	2651
3	10	17	13527
1	11	15	4627
-3	10	24	48216
-5	11	23	34311
-3	11	25	6434
-1	10	26	8029
-3	11	24	12731
1	9	13	8813
1	7	14	18895
-1	9	11	2288
-7	9	14	20689
-3	6	22	1964
-9	11	13	9797
-9	11	15	30610
-7	9	22	22077
-9	10	22	9240
-7	9	25	2335
-5	8	25	4375
-3	7	26	1789
7	8	19	14169
5	9	20	9553
-1	8	30	1727
1	8	28	8771
-1	9	31	577
-3	10	29	1706
-1	6	25	2953
1	5	23	5882
-1	6	22	21562
3	4	21	6233
3	6	26	16029
-7	11	14	16427
-9	12	16	26686
-17	14	10	1266
-5	12	13	2604
5	3	16	3310
7	3	20	6259
9	3	20	8799
11	3	20	6095
13	3	18	6083
15	2	15	2377
13	3	14	9810
11	4	13	9255
13	4	13	11772
11	5	16	35098
7	5	15	25066
11	4	14	13667
7	6	14	22539
3	7	13	12056
9	7	14	15594
13	4	9	893
11	4	11	2453
15	3	10	1503
13	4	12	5703
11	4	16	28866
13	3	15	11905
15	3	13	6558
13	4	14	14820
9	4	16	26938
11	2	18	3595
13	1	16	253
11	2	17	2865
-3	7	20	55476
7	8	18	19404
5	9	19	14336
1	10	13	4871
3	9	12	3283
-3	6	21	4004
-3	7	23	18488
-3	7	25	4547
-5	8	28	168
-5	8	23	17840
-3	12	15	5357
-1	12	13	740
-3	12	13	1510
-5	13	13	741
-7	14	14	808
-9	14	14	1439
-7	13	14	2267
-5	12	14	4233
9	7	21	2470
-3	9	29	3043
-1	8	29	4178
-9	10	20	29435
-5	7	15	13571
-7	8	12	4086
-9	9	9	541
-1	8	11	1703
1	7	10	737
3	7	10	737
-7	12	19	37912
-9	12	17	38510
-11	13	15	10569
-9	13	13	1997
-7	12	15	14399
-11	11	19	17254
-17	13	11	2414
-19	14	10	928
-15	12	11	4784
-13	11	10	2173
-11	10	11	3173
-11	11	8	241
-9	10	11	2936
-9	13	16	10462
11	3	18	13060
13	2	15	3478
11	5	21	5226
7	7	12	5113
9	7	10	961
1	11	21	1838
-1	11	25	1083
1	10	23	12611
-9	12	14	9659
-11	13	16	14149
-13	13	15	12074
-11	12	14	13583
-5	7	18	17971
-9	10	21	18685
-5	11	25	11339
-11	11	17	32113
-9	11	21	31215
-11	14	18	3572
-13	14	16	4961
-5	10	26	13253
-1	10	14	11607
-5	8	19	68784
-1	11	14	5835
-11	14	15	2420
-9	13	18	12996
-13	14	15	3509
-15	14	15	2391
-17	15	13	793
-15	15	15	830
-11	12	21	7571
-13	13	18	5954
-1	6	21	31888
-9	9	20	5621
-1	7	14	16604
-5	8	13	9027
-13	12	11	3469
-13	13	12	3429
-7	13	21	4378
-5	13	21	1360
-3	12	20	9361
-15	12	14	4510
-13	11	17	4173
-13	12	18	7803
9	5	12	5511
7	7	22	21844
-3	8	14	22195
-9	9	14	15421
-7	8	19	13981
-9	8	17	1408
-11	9	16	1439
-11	10	18	7605
5	9	18	17846
13	4	15	18324
13	3	17	10848
-1	6	16	23948
1	5	16	15740
3	4	15	5406
1	6	13	6653
3	6	13	8150
1	7	13	10619
9	6	11	2836
-11	10	10	1899
-3	8	26	14266
-1	11	22	10994
-3	12	22	3429
-7	11	25	8203
-9	11	25	1904
-3	11	12	2153
-5	12	15	9258
11	4	12	3474
-3	10	11	1596
11	6	8	273
11	5	11	3221
-5	10	13	9714
-9	9	11	2952
-11	13	14	6977
-9	14	16	2739
-5	13	19	3696
-3	9	11	2716
-1	8	13	9807
-5	7	20	9232
-1	9	29	3440
-3	9	31	481
1	9	29	1237
3	9	27	806
1	10	25	3043
-1	10	27	3727
-5	11	26	5761
-15	12	13	6103
-13	10	12	2515
-11	10	14	15637
-9	8	14	3374
-7	7	13	2276
-7	7	16	2318
-5	6	14	1845
-1	5	15	4598
-3	6	16	11671
-7	7	11	663
-9	8	9	200
-11	9	10	1084
-7	8	13	7255
5	4	24	3259
3	5	24	12805
-7	9	11	3332
-15	14	9	99
-11	14	19	1609
-5	9	12	4999
-9	9	19	9879
5	4	21	17223
15	3	17	1935
11	6	19	4470
9	6	23	4637
-1	5	16	6882
9	5	11	1794
-11	14	13	974
9	6	21	18577
1	6	26	8200
-1	7	25	25704
9	3	12	943
9	5	24	5034
-13	11	16	7586
-11	13	12	1820
-9	12	11	1433
-11	11	10	1598
-9	10	12	7467
1	7	12	4021
-13	13	19	4365
9	5	23	10749
3	8	28	3075
-11	10	20	1729
1	5	18	24406
-7	9	23	11642
-9	10	23	4878
-7	8	20	9045
-7	10	14	22519
-11	11	14	22080
9	3	14	4282
7	3	14	2273
13	3	12	3401
15	2	9	101
13	3	11	1151
-9	11	11	1871
-5	10	12	4528
-9	12	23	6570
1	10	26	1179
-7	12	12	1311
-5	12	16	13107
-11	10	13	12254
-1	9	12	3932
-7	12	13	4361
-11	12	11	2492
-13	13	21	820
-13	12	19	3531
-11	12	23	1420
-5	12	23	6581
-3	12	23	1651
-3	12	24	639
-5	12	24	3338
-15	12	15	2682
-13	11	9	823
-7	7	14	2747
-11	9	15	2277
-13	10	13	2388
-17	14	11	1622
-15	13	10	1464
-15	13	9	405
-13	13	13	5824
1	8	29	4170
-11	13	13	3367
-7	11	13	6900
-17	12	9	1011
5	5	28	1064
5	4	23	6673
7	3	21	4256
9	2	22	189
11	2	20	1253
13	2	16	4941
15	2	14	4137
17	2	14	1334
15	2	16	2509
17	1	13	772
11	4	20	14718
7	5	25	8674
-3	8	28	3202
-11	12	9	281
-13	13	11	1237
-15	13	11	2538
-13	12	9	869
-11	9	9	582
-7	7	15	2767
-1	7	29	1198
-15	14	17	772
-13	13	20	1464
15	3	16	3017
15	4	12	5191
13	5	14	11478
11	6	15	17464
-15	14	14	4220
-5	11	12	3202
-15	14	12	2373
-19	15	9	486
-9	11	23	10580
-7	10	24	17133
-15	13	16	3110
-17	14	13	1387
-9	8	15	2926
3	5	14	9053
5	7	11	2943
3	5	12	2153
5	5	12	3259
-3	9	9	291
5	8	24	9384
3	9	25	4611
11	6	14	15721
15	4	11	4766
15	3	12	5445
15	2	12	2311
-5	13	15	2419
-3	7	14	13534
-1	6	12	1844
5	5	14	12378
3	4	19	11525
-7	11	27	1690
-11	11	21	5320
-13	11	19	744
-15	12	16	1441
-11	10	21	483
-9	9	22	965
-11	10	19	4466
-15	11	12	1581
-7	9	24	5839
-9	13	21	6105
-11	13	21	3931
-9	9	21	2476
-5	6	18	773
-7	7	19	389
-1	6	26	1239
-1	5	18	7553
-7	13	15	4422
11	5	13	12269
-11	13	20	5997
-5	12	22	11861
11	5	10	1609
-5	8	11	1926
-5	7	13	5133
-17	13	9	1191
11	2	14	2517
9	2	14	1395
11	1	15	534
13	1	13	619
9	3	13	2068
7	4	23	10088
7	9	16	2307
11	7	14	2929
3	4	24	575
5	3	22	607
7	2	21	93
5	2	17	202
7	2	19	663
5	3	21	1344
5	3	18	3837
3	4	17	10338
-15	12	9	1376
-19	14	6	64
-15	12	8	238
-13	12	8	147
-13	13	9	132
-15	14	10	393
-3	8	10	1176
-7	10	25	8578
-9	11	24	4924
-5	9	28	1866
-5	9	27	4675
-7	12	25	2336
-7	13	22	2131
-5	8	26	1787
7	5	12	4230
13	5	16	7528
15	4	13	5940
11	4	21	7636
13	4	19	3416
15	2	11	1053
11	3	23	777
13	3	21	774
15	3	11	2505
17	2	10	1182
13	5	13	10008
-13	11	12	8336
-15	11	10	1611
3	9	26	1911
5	8	11	1945
13	5	11	4416
11	6	13	12128
11	7	10	1109
9	8	11	1309
9	5	13	9629
7	8	21	4663
9	7	18	15242
-11	11	22	1953
7	8	10	735
3	10	11	681
-9	10	24	1726
-5	8	27	675
-7	9	26	930
1	6	29	617
-5	7	14	8924
1	4	17	3948
3	3	17	1512
1	4	18	3509
-3	6	15	9037
5	4	14	4158
7	3	12	517
-9	8	13	3039
-11	11	23	653
5	6	28	2915
9	7	9	554
-1	7	27	6524
11	3	14	7061
7	3	22	2176
3	4	23	1644
1	5	25	1093
-9	10	10	1420
-9	10	9	546
-3	12	14	2753
-9	9	12	5087
1	5	14	5794
-1	5	12	732
-3	8	13	9577
9	3	22	2868
-13	15	15	904
-15	16	12	76
-17	16	12	93
-19	16	10	91
-21	16	8	67
-17	15	11	798
-19	14	8	519
1	5	13	2325
-11	12	12	3450
-3	7	13	6810
3	10	14	5096
7	2	16	1202
9	1	15	178
11	1	17	434
13	1	15	885
17	2	11	1568
19	1	10	242
17	2	13	1338
7	9	12	1440
5	10	12	658
3	11	15	1166
1	11	17	7727
17	2	9	533
13	4	11	3494
-13	14	18	2524
-17	13	12	2065
-19	14	9	784
1	4	19	2392
-1	5	20	3910
-15	11	15	190
-1	12	16	3063
1	11	18	7730
-1	5	17	7700
1	4	14	1481
-3	5	15	1080
-5	6	17	1350
-7	7	18	864
7	3	13	1193
5	5	10	465
1	5	12	1505
-11	9	11	2162
3	4	20	9544
-3	13	14	534
1	11	14	3221
-1	9	30	1542
1	9	30	464
-9	14	19	1352
5	9	11	975
7	9	11	688
13	2	18	2549
9	5	25	1934
13	4	20	1603
17	3	10	2153
19	2	9	783
19	2	7	321
19	1	9	501
17	1	11	804
15	1	15	824
13	2	17	2607
3	5	26	3108
-3	6	14	5220
15	5	9	1155
13	6	12	2549
13	5	9	782
15	4	9	1354
-11	14	16	4228
-11	14	14	2486
9	1	13	246
11	1	11	50
9	2	12	321
7	3	11	234
-5	6	13	1398
-3	5	16	1173
-3	9	30	1271
-7	8	9	195
3	7	31	530
5	7	33	14
3	8	32	45
5	7	31	57
3	7	29	2989
13	5	12	8276
-7	7	12	1592
11	3	21	3907
13	2	20	634
11	2	22	234
13	2	22	78
15	2	18	662
11	3	22	1534
1	6	12	2408
-1	7	11	1934
5	5	13	4510
9	4	12	2068
11	3	13	3309
3	4	14	2684
15	1	11	388
15	1	13	1051
9	3	23	1526
-3	12	18	11305
13	2	14	3850
9	4	13	6668
-13	14	14	3704
-15	15	13	1058
-13	15	17	560
-11	14	20	1363
7	8	9	174
7	7	10	1022
15	4	15	2700
1	4	20	1233
-1	4	17	366
-3	5	18	399
1	11	22	819
17	1	9	166
13	2	11	323
-1	12	18	3501
-5	13	18	3770
-7	10	26	3869
11	5	22	1864
5	6	29	1183
7	6	29	132
5	6	31	184
3	6	31	252
5	2	16	503
-3	9	12	4465
3	3	21	71
-7	12	24	5259
-9	15	15	197
-7	14	16	1257
17	3	8	751
19	3	6	279
13	6	10	1630
-17	14	14	1452
-1	12	20	1196
-3	13	19	566
-3	13	17	1507
3	10	21	4111
7	8	22	2095
5	9	23	1127
3	10	22	1973
1	11	20	4097
11	6	20	1655
-1	11	12	1460
1	10	12	1861
3	9	9	147
5	8	10	1036
1	11	16	6955
7	5	13	6611
-9	12	24	3485
17	4	7	423
19	3	4	38
17	3	6	57
13	5	8	281
9	8	16	2287
-3	9	10	768
-1	8	10	1284
-1	7	12	3920
13	5	7	175
11	7	13	3134
-7	10	27	1815
-3	11	27	1222
-17	13	8	707
-15	12	7	176
-13	11	8	299
-5	10	8	130
-7	11	9	148
-1	5	21	1907
-3	6	13	3105
-3	10	12	3294
-5	11	10	451
-7	11	10	773
3	3	16	1327
-13	14	13	1850
1	9	10	585
1	4	15	2325
13	2	12	1136
15	5	13	969
7	7	11	3312
-5	11	27	2504
-1	6	13	4673
-1	8	9	240
-7	10	28	503
-3	8	29	1185
17	3	13	1624
17	3	12	2024
5	6	10	631
13	5	19	741
9	5	10	1249
-1	9	32	269
1	8	31	776
-1	9	34	36
7	6	26	3882
-19	15	11	499
-5	12	12	790
7	8	23	926
3	6	9	247
-13	14	17	2594
-15	14	11	1082
-5	10	29	1193
-3	10	28	3713
-11	12	22	3850
-3	6	23	733
-1	6	27	364
1	8	11	1607
-13	14	12	1122
-11	13	11	557
1	6	11	1429
-1	9	28	7144
-5	9	29	718
-9	11	26	695
-1	7	9	252
-3	8	11	1889
7	5	11	1181
15	4	10	2532
13	4	8	181
11	5	9	514
-1	10	30	193
-3	10	30	716
15	4	8	266
-15	14	13	2765
-13	11	18	1741
-13	10	15	1126
7	4	13	4366
3	10	13	3260
9	2	11	31
11	2	11	106
13	1	11	176
11	2	10	88
9	3	11	367
7	6	27	1759
5	3	14	1283
-15	13	15	6203
-1	12	19	2399
7	2	18	1123
9	2	20	1027
1	11	13	1386
3	11	13	608
-5	9	10	781
-1	7	10	565
13	1	17	519
7	8	11	1587
15	4	7	176
17	3	9	1212
19	2	8	535
3	11	16	1176
1	12	16	550
3	11	17	766
-1	5	11	104
-7	13	24	354
-5	13	24	19
-5	12	25	1473
-3	13	12	80
-5	13	12	217
5	2	14	348
3	3	13	396
11	2	16	4204
5	3	20	2462
-3	6	9	39
-7	7	17	1699
-9	8	16	2253
-5	13	20	2504
-5	13	14	1211
7	6	10	1149
-17	14	9	519
-17	13	10	2182
7	4	26	1038
-13	13	10	571
-5	6	16	1772
1	4	21	661
-1	4	15	590
-3	5	12	362
-5	7	10	421
7	2	14	822
1	4	16	3084
-3	7	11	1560
-5	10	11	2030
3	5	27	1258
5	4	26	487
3	5	28	452
5	4	25	1469
13	1	19	135
15	1	17	277
17	0	14	55
-3	8	30	486
-5	9	30	326
-7	13	13	1082
-7	12	11	834
-11	13	22	1541
-5	7	24	416
1	12	14	501
5	10	14	1833
-1	12	15	2553
5	10	13	1327
-1	7	31	186
-9	9	10	1065
-7	9	10	1001
-7	8	11	1660
17	4	10	861
5	4	12	766
3	8	29	1223
-9	10	25	481
13	2	19	838
13	4	10	1130
11	5	7	111
11	4	10	511
-5	13	22	555
7	6	30	65
-9	13	22	2838
-13	10	8	454
-17	12	10	774
-15	11	13	904
7	4	12	1305
-1	5	14	3178
-3	5	14	1046
-11	14	12	582
-17	12	11	545
-9	12	12	2052
-15	14	16	2597
-13	14	19	800
-11	14	21	371
-9	13	24	483
-3	13	18	955
1	12	17	347
-1	12	21	688
-3	13	20	296
13	5	10	2192
15	5	8	692
3	11	14	966
5	9	22	2500
3	10	23	731
3	10	12	1143
3	11	12	379
11	4	23	1455
1	5	24	2829
15	1	14	398
3	3	15	1031
1	8	30	1800
15	5	14	406
1	11	24	77
-1	12	23	26
-3	12	25	191
-1	5	13	1377
-3	6	12	1106
-7	11	28	708
-5	11	30	127
-7	12	27	376
-15	11	9	1167
-17	12	8	661
-7	14	17	699
-9	14	18	2549
-7	14	12	136
-9	14	12	275
-9	14	15	1447
11	5	23	678
9	5	27	217
-3	7	27	778
-5	12	27	192
-5	6	12	718
-5	6	15	2060
9	6	25	457
5	5	11	817
-1	11	11	160
-3	12	12	474
-5	6	19	311
-3	5	17	758
-1	4	18	151
1	10	27	383
11	7	17	672
1	7	31	542
-1	8	33	99
5	5	30	168
3	6	32	94
-5	12	11	508
-7	13	10	57
7	4	11	738
-5	10	10	734
1	6	30	209
11	2	13	923
1	4	23	35
3	3	22	3
9	1	17	235
-7	11	11	1171
11	2	12	545
15	2	13	2692
-9	8	11	1363
5	9	10	425
5	3	13	810
7	2	17	678
7	1	15	92
3	3	18	938
3	6	11	1663
-11	13	23	839
-13	14	20	678
1	8	10	1293
9	3	26	53
-9	12	10	221
-1	4	16	488
-11	9	13	3253
-11	12	10	549
-5	9	9	583
-3	11	28	444
7	3	23	1008
7	3	24	372
5	4	27	186
9	2	17	1795
-1	8	31	785
-3	8	31	202
-1	7	32	46
1	7	32	248
-15	11	11	1576
-9	14	11	51
-11	15	11	73
-13	15	11	196
-11	15	16	176
-7	8	10	747
-7	9	9	585
-17	14	12	2454
7	4	9	137
5	4	11	536
-7	10	10	1158
15	2	17	783
11	3	10	300
-3	5	13	647
-1	4	12	127
-9	13	23	1530
-3	13	15	1070
-5	14	14	331
5	5	29	391
3	6	30	669
-1	11	13	2395
3	11	18	407
-3	11	11	547
-1	10	10	385
9	8	17	1336
-1	6	11	1157
-17	15	9	186
-19	15	7	70
-5	10	31	231
9	2	18	2496
-11	12	24	535
5	7	9	626
7	6	6	24
-15	14	18	686
-17	15	15	285
-13	12	20	1526
-9	8	10	580
-9	14	13	381
-13	15	13	628
7	5	10	758
-3	7	10	605
17	4	5	66
17	4	8	646
-15	15	17	300
7	9	18	901
9	6	9	534
11	6	9	560
3	4	13	1525
3	4	12	451
1	5	11	195
-1	5	22	874
-9	8	19	293
-11	9	18	262
5	10	18	807
-9	12	25	1387
9	2	19	1295
-5	13	23	159
1	6	28	1640
7	6	8	135
-13	10	16	441
-11	9	19	81
11	1	13	353
15	3	8	229
-13	10	17	138
11	2	19	1622
13	6	16	428
-5	7	23	1127
-1	9	10	669
-5	6	11	384
13	5	18	1734
-19	13	8	386
1	10	9	90
1	3	17	59
15	4	16	1448
-13	14	10	146
-1	7	30	409
5	8	29	74
7	8	25	91
9	7	24	49
11	6	21	437
9	8	10	593
-3	7	9	127
3	9	28	263
5	10	11	356
9	3	10	142
-1	12	14	1511
3	3	14	514
11	5	8	252
17	3	11	2361
-7	13	23	1033
-9	14	22	172
-7	14	20	358
-5	14	16	510
19	1	8	115
1	3	15	261
-13	11	7	181
-11	10	8	277
1	8	32	299
-1	9	33	97
-19	13	7	329
-17	12	7	466
-7	8	23	874
9	7	8	53
-9	14	20	1113
-7	14	18	1103
-3	13	13	348
-7	7	10	276
9	5	9	361
-1	8	8	157
13	6	8	415
19	3	7	342
-5	7	11	909
11	1	18	124
9	2	21	369
3	4	25	165
1	5	26	384
-1	6	28	156
17	4	6	185
-11	9	17	664
-15	11	8	711
-5	12	26	501
-19	13	6	254
3	8	33	26
-11	9	7	31
-13	10	6	27
-11	14	11	100
5	7	29	684
3	8	30	533
-17	16	10	88
3	3	20	288
5	10	16	1770
15	1	12	282
13	1	14	259
17	1	10	233
-9	13	26	50
5	7	30	282
-13	10	9	886
-5	11	31	57
-3	10	34	18
11	4	9	296
9	4	9	238
7	7	9	564
5	2	19	68
7	1	17	30
1	11	12	771
7	9	10	297
-7	7	20	147
19	3	8	423
17	4	11	604
3	9	10	601
-1	13	16	215
-15	11	7	294
-11	11	9	524
1	4	13	719
7	4	27	357
9	8	18	656
-11	14	22	222
17	4	9	1028
-11	13	10	270
-15	15	11	376
9	2	13	399
7	2	13	126
7	2	15	790
-13	12	10	1151
-7	14	19	618
-9	14	21	319
-19	15	10	237
1	6	10	377
-1	7	8	129
-7	13	11	247
-9	13	11	396
-15	13	8	221
3	4	11	265
5	7	8	122
-1	4	14	456
-5	9	31	52
-1	4	13	282
-7	8	25	82
-1	9	9	301
-3	13	16	1314
-11	10	9	632
-11	14	10	102
-1	11	26	404
-15	15	16	186
-17	15	12	329
-15	15	14	381
7	7	27	255
11	3	9	76
13	6	17	109
11	7	18	288
-1	12	12	231
-5	10	30	455
-1	8	32	278
-3	6	11	602
-5	10	9	280
-3	9	7	102
-5	9	5	25
-7	10	7	76
-5	9	8	138
-3	8	9	268
-9	11	9	351
-11	12	7	97
-13	13	8	108
11	7	8	95
-3	6	24	277
-1	5	23	389
-3	7	29	38
-3	7	28	202
-7	9	27	240
11	1	16	145
13	0	14	46
15	0	12	99
-15	12	5	32
-9	9	7	43
-11	10	6	24
3	5	11	493
13	2	10	165
3	8	31	178
3	9	30	21
-3	13	21	51
-1	12	22	233
1	11	23	370
5	10	19	322
3	11	19	158
-11	11	7	98
-9	10	6	19
13	3	9	131
11	3	11	583
-13	12	5	25
-15	13	7	44
11	4	7	81
-3	11	10	366
-11	15	18	132
-13	15	16	294
-9	15	17	222
-5	14	17	274
-11	15	13	380
-9	15	13	256
-9	12	27	140
-11	13	24	186
-13	14	21	104
7	8	24	281
5	9	25	84
-15	15	10	33
-17	13	7	123
3	6	10	591
-11	15	15	545
15	2	10	340
17	2	8	96
3	3	19	534
-21	15	7	285
-15	14	8	58
-3	10	31	268
7	2	20	326
11	1	19	131
-3	10	10	533
-9	10	8	307
-17	16	14	63
-9	9	8	54
-3	6	10	50
1	12	15	644
5	6	8	115
19	1	11	457
-19	13	4	41
-7	15	16	26
-5	14	15	275
13	1	18	125
-9	8	18	649
7	7	8	63
9	6	6	23
11	5	6	52
-19	14	7	273
-3	11	8	56
-11	15	12	32
-5	14	19	63
-7	11	8	109
-9	11	8	126
1	3	13	142
15	5	15	198
17	4	12	364
-3	10	9	289
-5	11	8	97
7	9	19	390
9	8	20	87
9	8	19	249
5	3	11	48
1	4	11	102
3	3	12	85
-5	12	28	48
-7	13	25	104
3	5	10	378
1	5	10	195
1	8	9	230
1	9	8	122
3	11	20	53
5	10	21	38
7	9	20	127
3	11	11	49
-7	14	21	76
-1	10	7	35
-5	12	9	52
-3	12	11	220
15	5	7	278
5	5	8	89
7	5	6	11
7	2	12	153
1	9	33	12
13	3	20	1461
-17	15	10	193
3	5	29	146
5	6	9	265
-7	10	29	141
11	7	9	545
-9	10	26	199
-11	10	22	213
5	8	9	232
-7	12	29	35
7	5	29	219
1	4	22	251
3	10	9	35
19	0	10	79
9	7	23	289
-9	10	7	46
1	12	12	122
9	3	24	527
-7	14	13	130
-1	13	17	60
21	0	8	64
19	0	12	41
-1	10	29	552
3	8	9	225
-1	5	24	79
17	3	7	115
-5	14	18	157
7	5	8	122
9	5	8	117
-11	15	17	454
-3	14	15	64
-13	10	18	64
-9	9	23	252
3	7	9	323
-15	15	12	252
-11	13	9	96
-3	11	29	171
11	3	24	187
13	2	21	113
17	1	14	159
7	7	7	73
3	8	8	182
9	3	25	231
1	11	11	89
-13	15	12	141
-1	13	13	123
-7	8	24	215
5	3	12	210
-1	9	8	72
-11	15	19	123
1	9	31	177
-19	16	8	63
-13	15	14	248
-9	13	25	242
1	10	28	135
9	4	28	42
11	3	25	67
9	3	27	37
7	4	29	41
-9	13	10	146
7	4	28	132
11	2	21	403
9	1	18	89
7	5	9	152
9	5	7	13
-9	12	26	528
-7	10	30	57
-9	11	27	222
-7	11	30	50
-5	7	25	68
-7	8	26	17
-3	6	25	79
5	5	31	35
7	9	22	18
9	8	21	30
-21	14	6	164
5	9	24	435
1	12	18	139
-5	6	20	101
-3	5	19	191
-17	12	6	175
-11	13	25	83
-7	12	26	1025
-3	10	33	34
-11	15	14	171
-1	9	7	44
1	9	9	244
1	6	9	180
-17	13	6	48
11	2	25	12
1	5	28	11
-5	8	8	157
-7	10	9	372
-1	12	11	94
3	2	14	102
-7	12	10	116
21	2	5	128
15	3	9	360
17	1	12	300
-7	8	8	63
19	3	9	335
9	7	25	40
21	2	6	203
11	3	8	34
15	1	9	37
-17	12	5	49
-21	14	3	22
-3	12	26	21
-3	8	33	18
-5	9	33	11
-7	9	29	30
17	1	15	275
-15	16	10	49
-1	10	31	63
-1	11	27	114
-13	12	7	69
13	0	12	61
5	3	23	128
11	7	19	79
-5	14	13	49
-9	15	14	96
-5	11	29	412
-7	9	7	85
-5	14	12	40
17	3	4	8
7	4	10	119
-9	12	28	38
-15	12	6	42
-17	13	4	16
9	8	9	208
-19	15	8	111
1	12	13	304
-17	14	7	53
-15	13	6	50
-7	15	14	38
5	6	32	45
3	6	35	6
5	5	33	9
7	4	30	27
5	4	28	51
1	5	27	121
-1	6	29	42
-3	7	31	8
-3	6	26	17
5	8	8	131
1	8	8	124
5	2	13	39
-9	8	8	51
-5	7	9	54
-5	11	32	16
-3	14	14	119
1	3	16	202
-7	9	8	60
-3	8	7	26
-19	16	12	47
1	7	33	74
3	7	7	70
-7	11	29	237
-17	16	16	18
-23	16	4	40
5	10	20	97
3	10	24	270
-5	15	14	9
-1	13	14	182
17	0	10	85
-13	14	22	72
-7	15	17	20
-9	16	16	4
-11	16	16	24
-13	16	16	37
-5	10	32	30
5	4	10	90
1	7	8	90
-5	11	9	33
-13	14	11	298
-7	15	13	80
-3	9	32	189
11	7	21	8
-1	13	11	11
13	0	16	32
15	0	14	85
1	10	29	36
3	10	25	86
3	9	31	5
-1	13	15	292
3	7	8	72
5	2	18	146
-13	16	14	57
5	5	9	23
-3	9	8	69
-3	8	32	54
5	8	28	194
5	2	15	283
1	9	32	37
-1	4	11	38
13	6	18	64
-1	10	9	237
-7	11	31	28
-1	11	10	166
13	6	7	56
-5	13	11	46
9	1	14	90
11	1	14	163
-11	11	6	50
-1	13	12	23
-9	14	23	46
-13	15	19	126
-7	12	28	137
1	10	10	110
-17	15	14	178
3	7	32	153
-13	14	9	21
-15	16	14	93
9	1	19	31
11	1	21	12
3	2	15	57
15	4	6	42
19	3	5	96
9	2	23	53
7	8	26	19
1	12	19	25
9	4	10	239
3	6	8	39
1	9	7	39
-5	7	26	27
-3	11	30	41
-1	10	32	22
3	4	26	26
1	4	12	230
5	6	7	41
-9	9	24	41
1	3	14	153
3	2	13	20
13	1	12	133
-9	15	16	56
-9	9	25	37
-3	9	33	74
-3	11	9	31
-1	7	7	32
1	7	7	46
-7	9	28	49
-5	8	29	80
11	1	20	14
-7	15	15	94
-15	16	16	47
-13	15	18	139
3	7	33	59
9	8	8	59
-9	15	18	87
1	8	33	107
-17	14	8	104
19	2	6	58
21	1	5	50
-3	13	22	4
-5	14	20	5
-7	15	18	7
-11	9	8	112
-1	6	9	86
-13	16	12	48
-5	6	10	34
21	0	6	39
7	9	21	32
7	6	7	56
19	0	8	59
1	11	10	70
3	11	10	37
3	10	10	53
13	4	7	81
-13	10	7	44
21	1	6	113
-3	9	34	27
9	6	8	291
-15	15	9	34
-3	5	11	76
11	1	12	34
-3	5	20	44
-5	15	13	34
-9	14	10	39
15	2	8	72
3	9	29	47
7	3	25	124
11	7	20	16
-23	15	3	37
-9	15	19	26
-21	14	5	122
-19	13	5	93
5	9	9	59
-7	10	6	27
19	2	5	28
19	1	7	74
-3	10	7	27
-17	14	6	29
9	4	27	149
17	0	12	108
-5	12	10	86
-11	14	24	17
-13	15	21	12
11	2	24	27
13	1	21	7
15	1	19	41
7	5	30	54
-9	13	27	25
-21	15	6	126
-9	12	7	24
7	1	13	85
-21	14	4	31
-1	6	10	134
5	4	29	9
-1	7	33	11
13	3	7	16
9	4	7	23
23	1	3	53
5	2	12	48
15	1	18	37
-11	16	12	35
25	0	0	6
1	6	7	32
7	8	8	60
1	7	34	21
-11	16	14	13
3	5	8	50
13	0	10	9
15	1	16	154
1	6	8	19
11	7	7	35
-9	16	12	5
-1	8	6	27
11	0	16	20
7	1	18	11
1	8	34	45
-9	11	7	13
-7	10	8	132
-15	11	6	38
13	6	6	21
1	12	11	48
-1	8	36	4
13	5	6	31
9	7	7	54
-5	6	21	45
-7	7	22	14
-7	8	28	1
-1	8	34	41
-5	10	7	50
-3	7	30	27
-5	8	32	4
15	4	5	34
21	2	3	21
3	2	12	22
11	4	8	45
-1	4	19	17
-3	10	32	98
9	5	6	41
13	3	8	87
-11	14	23	23
1	6	32	32
-7	7	9	36
5	9	27	12
9	2	10	44
17	2	7	52
21	2	4	40
7	2	22	9
5	3	24	20
-7	13	9	16
5	7	5	14
-5	7	8	11
7	7	28	51
7	3	26	24
-19	14	5	26
-15	15	18	32
15	3	6	32
-21	15	5	45
-1	5	10	66
7	9	9	33
7	1	14	21
-9	8	21	25
1	3	12	36
-11	13	8	18
15	5	6	35
-5	10	34	8
5	4	9	55
17	2	6	27
15	3	7	49
5	7	7	42
1	9	34	7
-9	16	14	5
11	6	6	29
-1	7	34	12
1	8	35	17
15	0	10	32
-3	14	12	14
15	0	16	31
-9	8	20	79
-3	7	8	26
-3	13	11	19
3	5	31	14
3	8	36	1
11	6	7	22
-5	6	9	17
9	1	16	38
3	6	7	22
-13	14	8	17
5	2	20	11
3	7	34	27
-5	9	7	46
-9	13	9	24
-3	5	10	25
-7	12	30	20
1	11	25	4
3	10	26	10
11	2	23	11
13	2	8	21
15	1	10	24
-1	10	8	28
-1	5	25	6
-1	8	37	3
1	7	38	3
-11	9	21	12
3	5	30	40
-3	8	6	28
7	5	31	14
5	6	34	8
-13	16	10	18
1	6	31	62
13	4	5	18
-7	13	26	29
9	6	7	56
-9	12	8	10
-7	11	6	12
23	1	2	11
-3	10	8	44
-5	7	27	5
-13	11	6	37
5	1	13	28
-5	6	22	7
-11	12	8	33
-21	16	6	37
1	9	35	3
5	10	9	21
7	3	9	9
-5	11	33	15
-9	11	6	39
3	8	7	22
11	0	12	31
5	5	32	11
-1	9	36	6
9	3	9	20
13	2	9	15
-1	11	28	9
-5	8	30	12
5	9	26	41
3	5	9	29
3	9	8	27
5	9	8	11
-7	16	12	3
1	7	37	2
5	1	14	7
5	10	10	28
-1	9	35	9
7	1	16	23
-5	12	29	11
-7	13	27	3
-7	12	31	7
-9	13	28	17
-1	10	33	5
-3	14	13	19
-15	15	19	48
-7	7	8	11
3	8	6	32
7	3	10	46
-5	10	33	8
-3	9	36	2
3	6	33	22
-7	7	21	28
-15	11	5	10
9	8	22	10
9	4	8	11
1	7	35	10
-5	9	32	12
1	8	6	27
13	1	22	4
1	3	18	1
-13	13	7	11
9	0	14	8
-23	15	2	19
5	8	30	9
1	8	36	3
3	8	34	2
-11	14	25	11
15	5	5	16
-17	16	8	7
9	3	28	12
-11	14	26	5
-13	15	23	4
-15	16	20	5
13	0	18	4
11	0	14	10
-11	9	20	14
-11	10	7	17
17	0	16	10
-1	8	35	13
7	4	31	12
7	9	8	9
1	7	36	3
3	3	11	14
3	7	37	3
-25	16	0	5
1	3	11	9
1	6	33	6
-3	10	35	5
-9	13	29	3
3	2	16	4
3	6	34	7
1	10	30	2
-3	14	16	4
-13	16	18	6
-3	11	31	9
-7	14	22	9
5	7	32	10
-11	15	21	9
-11	15	20	17
9	2	24	7
-1	4	20	2
5	6	33	3
-9	8	22	5
-3	5	21	2
-3	8	34	3
1	8	40	1
-1	9	38	2
-3	10	36	2
5	10	22	4
-9	14	24	5
9	0	12	5
-9	8	24	1
3	11	21	2
3	7	36	1
-13	15	22	2
11	2	26	3
13	1	23	1
7	8	28	1
3	6	36	1
-3	9	35	1
-5	11	34	1
17	0	8	4
-7	7	23	1
-3	8	36	3
9	0	16	1
9	8	24	1
7	9	23	1
-1	13	18	2
